     0.03125 7.0642932e-06
      0.0625 1.2539156e-06
     0.09375 6.719925e-07
       0.125 3.8945524e-07
     0.15625 2.340105e-07
      0.1875 1.5979879e-07
     0.21875 8.4049553e-08
        0.25 2.6365127e-08
     0.28125 1.0828269e-08
      0.3125 5.2066782e-09
     0.34375 2.6391045e-09
       0.375 1.3903786e-09
     0.40625 1.0366034e-09
      0.4375 6.6030836e-10
     0.46875 4.3143566e-10
         0.5 2.7766553e-10
     0.53125 2.7505703e-10
      0.5625 2.9915964e-10
     0.59375 2.0107954e-10
       0.625 2.3783134e-10
     0.65625 1.5868898e-10
      0.6875 9.7869636e-11
     0.71875 6.6604493e-11
        0.75 6.7136408e-11
     0.78125 5.7883462e-11
      0.8125 3.8053682e-11
     0.84375 2.5971033e-11
       0.875 1.5213929e-11
     0.90625 1.3052994e-11
      0.9375 2.5596117e-11
     0.96875 3.9926094e-11
           1 1.8692395e-11
     1.03125 4.1645047e-12
      1.0625 4.3380364e-12
     1.09375 4.3331705e-12
       1.125 4.7650824e-12
     1.15625 4.8591769e-12
      1.1875 4.4850937e-12
     1.21875 4.6988221e-12
        1.25 4.1986046e-12
     1.28125 3.3730139e-12
      1.3125 5.0518509e-12
     1.34375 4.7329163e-12
       1.375 5.7661909e-12
     1.40625 4.8073134e-12
      1.4375 4.0504128e-12
     1.46875 2.7359989e-12
         1.5 3.7459246e-12
     1.53125 5.0354499e-12
      1.5625 5.120071e-12
     1.59375 4.3669699e-12
       1.625 4.5212332e-12
     1.65625 4.8796384e-12
      1.6875 5.0980678e-12
     1.71875 3.5206055e-12
        1.75 3.616166e-12
     1.78125 2.8334795e-12
      1.8125 2.6315851e-12
     1.84375 2.7072218e-12
       1.875 3.0623815e-12
     1.90625 2.8238735e-12
      1.9375 2.0665945e-12
     1.96875 1.8638504e-12
           2 2.6823749e-12
     2.03125 3.1987024e-12
      2.0625 2.4597999e-12
     2.09375 2.6709912e-12
       2.125 2.586391e-12
     2.15625 1.9898542e-12
      2.1875 1.8449409e-12
     2.21875 2.1054161e-12
        2.25 2.059797e-12
     2.28125 2.2145935e-12
      2.3125 1.8043249e-12
     2.34375 1.9977941e-12
       2.375 1.7538039e-12
     2.40625 1.857028e-12
      2.4375 1.8399759e-12
     2.46875 1.6798581e-12
         2.5 1.6115159e-12
     2.53125 1.883888e-12
      2.5625 1.830848e-12
     2.59375 1.4182751e-12
       2.625 9.8177488e-13
     2.65625 1.2911154e-12
      2.6875 1.2552653e-12
     2.71875 1.2545581e-12
        2.75 1.2039824e-12
     2.78125 1.1917312e-12
      2.8125 1.1323401e-12
     2.84375 1.4590745e-12
       2.875 1.3888533e-12
     2.90625 1.0947192e-12
      2.9375 1.1906499e-12
     2.96875 1.4466379e-12
           3 1.1637968e-12
     3.03125 6.9254032e-13
      3.0625 5.4844795e-13
     3.09375 7.9755782e-13
       3.125 1.0106542e-12
     3.15625 7.9218614e-13
      3.1875 9.8151793e-13
     3.21875 1.1183375e-12
        3.25 8.8450634e-13
     3.28125 1.1758717e-12
      3.3125 1.1374025e-12
     3.34375 8.9583478e-13
       3.375 8.2121918e-13
     3.40625 7.928784e-13
      3.4375 1.0147009e-12
     3.46875 1.2084205e-12
         3.5 1.2745415e-12
     3.53125 8.9800221e-13
      3.5625 6.4626993e-13
     3.59375 6.7999615e-13
       3.625 7.3795299e-13
     3.65625 6.432308e-13
      3.6875 5.2122808e-13
     3.71875 6.6148411e-13
        3.75 7.3899936e-13
     3.78125 7.4335546e-13
      3.8125 6.9522122e-13
     3.84375 4.590686e-13
       3.875 6.8236936e-13
     3.90625 6.8249074e-13
      3.9375 6.0158877e-13
     3.96875 5.5618265e-13
           4 3.7357934e-13
     4.03125 6.049435e-13
      4.0625 6.4931079e-13
     4.09375 6.7978864e-13
       4.125 4.8372732e-13
     4.15625 5.9632702e-13
      4.1875 7.2532757e-13
     4.21875 7.1168299e-13
        4.25 5.7637125e-13
     4.28125 6.304254e-13
      4.3125 6.9353822e-13
     4.34375 6.607083e-13
       4.375 5.4199001e-13
     4.40625 5.0272682e-13
      4.4375 6.4574583e-13
     4.46875 6.1413944e-13
         4.5 4.3504149e-13
     4.53125 3.5640159e-13
      4.5625 4.1848122e-13
     4.59375 4.0355881e-13
       4.625 5.1755269e-13
     4.65625 4.8727732e-13
      4.6875 4.2826956e-13
     4.71875 5.6588707e-13
        4.75 7.3683052e-13
     4.78125 6.4094829e-13
      4.8125 6.4547364e-13
     4.84375 7.7960809e-13
       4.875 5.908994e-13
     4.90625 6.1440371e-13
      4.9375 6.9364414e-13
     4.96875 6.8405394e-13
           5 4.9068003e-13
     5.03125 5.1193836e-13
      5.0625 6.2800237e-13
     5.09375 6.4328794e-13
       5.125 5.7713654e-13
     5.15625 3.9313008e-13
      5.1875 4.8569531e-13
     5.21875 5.1947254e-13
        5.25 5.0242601e-13
     5.28125 5.5127208e-13
      5.3125 6.0397097e-13
     5.34375 5.7260354e-13
       5.375 5.4069477e-13
     5.40625 5.2770955e-13
      5.4375 6.8101097e-13
     5.46875 7.4924013e-13
         5.5 5.1833749e-13
     5.53125 4.9709152e-13
      5.5625 5.5060763e-13
     5.59375 6.1135661e-13
       5.625 8.3554919e-13
     5.65625 7.3345729e-13
      5.6875 7.1828947e-13
     5.71875 7.8790707e-13
        5.75 1.0037923e-12
     5.78125 1.2223961e-12
      5.8125 1.0793259e-12
     5.84375 9.8979451e-13
       5.875 1.0530027e-12
     5.90625 8.511308e-13
      5.9375 9.7077945e-13
     5.96875 1.0474544e-12
           6 1.0232196e-12
     6.03125 8.0229497e-13
      6.0625 1.036819e-12
     6.09375 1.0427346e-12
       6.125 8.711056e-13
     6.15625 6.799961e-13
      6.1875 7.3146551e-13
     6.21875 9.6830508e-13
        6.25 8.8068637e-13
     6.28125 8.1153953e-13
      6.3125 8.7720938e-13
     6.34375 1.0918456e-12
       6.375 8.6738928e-13
     6.40625 6.2955695e-13
      6.4375 5.5649945e-13
     6.46875 7.2945377e-13
         6.5 7.6742958e-13
     6.53125 6.481173e-13
      6.5625 4.7107148e-13
     6.59375 4.7114201e-13
       6.625 4.0216284e-13
     6.65625 5.1863077e-13
      6.6875 4.2382178e-13
     6.71875 4.1259194e-13
        6.75 6.0320591e-13
     6.78125 6.002765e-13
      6.8125 5.3540717e-13
     6.84375 6.4958856e-13
       6.875 8.6989736e-13
     6.90625 9.2582506e-13
      6.9375 1.010312e-12
     6.96875 6.8097025e-13
           7 5.3400866e-13
     7.03125 8.6032852e-13
      7.0625 9.0019002e-13
     7.09375 6.9927338e-13
       7.125 6.119777e-13
     7.15625 6.5623342e-13
      7.1875 7.4162584e-13
     7.21875 8.0148719e-13
        7.25 9.2141247e-13
     7.28125 9.4576311e-13
      7.3125 6.947483e-13
     7.34375 6.6481125e-13
       7.375 7.0325625e-13
     7.40625 6.8712251e-13
      7.4375 6.1574725e-13
     7.46875 5.5304432e-13
         7.5 4.7787555e-13
     7.53125 3.7840797e-13
      7.5625 3.4076314e-13
     7.59375 3.5841219e-13
       7.625 4.5274949e-13
     7.65625 5.4945268e-13
      7.6875 4.6382966e-13
     7.71875 5.2574362e-13
        7.75 6.6017298e-13
     7.78125 6.3855963e-13
      7.8125 5.7767262e-13
     7.84375 4.5178027e-13
       7.875 5.2541451e-13
     7.90625 4.1226132e-13
      7.9375 4.7311775e-13
     7.96875 3.2732945e-13
           8 4.8265607e-13
     8.03125 4.6742102e-13
      8.0625 4.4559297e-13
     8.09375 4.3067245e-13
       8.125 5.4120543e-13
     8.15625 3.7348542e-13
      8.1875 3.4212975e-13
     8.21875 6.0013366e-13
        8.25 7.2905603e-13
     8.28125 6.7854316e-13
      8.3125 6.9426143e-13
     8.34375 7.5558017e-13
       8.375 8.2443042e-13
     8.40625 1.0007249e-12
      8.4375 9.4623268e-13
     8.46875 1.0565813e-12
         8.5 9.7800164e-13
     8.53125 7.4464594e-13
      8.5625 7.5531774e-13
     8.59375 9.3717883e-13
       8.625 7.8176436e-13
     8.65625 7.0967819e-13
      8.6875 7.7727337e-13
     8.71875 9.0611877e-13
        8.75 7.9428391e-13
     8.78125 7.2612787e-13
      8.8125 6.2349924e-13
     8.84375 8.3907821e-13
       8.875 8.9605059e-13
     8.90625 8.6082232e-13
      8.9375 7.5325591e-13
     8.96875 5.9479944e-13
           9 4.9764945e-13
     9.03125 7.1698973e-13
      9.0625 9.4244491e-13
     9.09375 9.1453993e-13
       9.125 8.3653061e-13
     9.15625 8.5413794e-13
      9.1875 1.0753448e-12
     9.21875 9.358689e-13
        9.25 7.127241e-13
     9.28125 5.7574784e-13
      9.3125 7.1105643e-13
     9.34375 8.7117466e-13
       9.375 7.9281232e-13
     9.40625 8.5839853e-13
      9.4375 8.4644769e-13
     9.46875 6.0067251e-13
         9.5 9.7527823e-13
     9.53125 9.6104526e-13
      9.5625 9.4299731e-13
     9.59375 1.1431232e-12
       9.625 1.1712795e-12
     9.65625 9.1833897e-13
      9.6875 7.4535945e-13
     9.71875 7.0969668e-13
        9.75  5.56896e-13
     9.78125 7.1775837e-13
      9.8125 9.1498792e-13
     9.84375 8.7543644e-13
       9.875 9.0912895e-13
     9.90625 8.6171071e-13
      9.9375 8.6219747e-13
     9.96875 7.1615153e-13
          10 6.0601426e-13
    10.03125 7.6390446e-13
     10.0625 6.8984483e-13
    10.09375 8.9944258e-13
      10.125  8.58178e-13
    10.15625 9.2199436e-13
     10.1875 8.4453543e-13
    10.21875 8.0421401e-13
       10.25 1.2253739e-12
    10.28125 1.406949e-12
     10.3125 1.1807252e-12
    10.34375 1.199362e-12
      10.375 1.3351678e-12
    10.40625 1.3462181e-12
     10.4375 1.2647881e-12
    10.46875 1.3163983e-12
        10.5 1.4589573e-12
    10.53125 1.5557303e-12
     10.5625 1.7995472e-12
    10.59375 1.9328085e-12
      10.625 2.1060154e-12
    10.65625 2.3927318e-12
     10.6875 2.1109117e-12
    10.71875 1.8939841e-12
       10.75 2.4035643e-12
    10.78125 2.9871977e-12
     10.8125 3.1903698e-12
    10.84375 2.951725e-12
      10.875 2.5517828e-12
    10.90625 3.0162786e-12
     10.9375 4.0262407e-12
    10.96875 4.112728e-12
          11 3.7087269e-12
    11.03125 3.2981417e-12
     11.0625 2.2852133e-12
    11.09375 1.8282322e-12
      11.125 1.5851866e-12
    11.15625 1.5092762e-12
     11.1875  1.25414e-12
    11.21875 1.1214754e-12
       11.25 7.2090527e-13
    11.28125 8.5875003e-13
     11.3125 8.2057185e-13
    11.34375 9.4165398e-13
      11.375 1.0825413e-12
    11.40625 8.5122079e-13
     11.4375 8.2470863e-13
    11.46875 7.5370244e-13
        11.5 6.1280977e-13
    11.53125 6.022594e-13
     11.5625 5.1241346e-13
    11.59375 4.4206316e-13
      11.625 4.7209502e-13
    11.65625 4.5101108e-13
     11.6875 5.5043166e-13
    11.71875 7.2868973e-13
       11.75 5.3070786e-13
    11.78125 3.9484767e-13
     11.8125 3.9121487e-13
    11.84375 4.1659837e-13
      11.875 3.5403812e-13
    11.90625 4.1574486e-13
     11.9375 4.3494874e-13
    11.96875 3.8219357e-13
          12 3.0250769e-13
    12.03125 3.1887595e-13
     12.0625 3.7049592e-13
    12.09375 3.4004993e-13
      12.125 3.3944933e-13
    12.15625 4.3651256e-13
     12.1875 3.8483669e-13
    12.21875 3.3974838e-13
       12.25 3.7952039e-13
    12.28125 3.290717e-13
     12.3125 1.8305941e-13
    12.34375 1.5847386e-13
      12.375 1.7579915e-13
    12.40625 1.6208691e-13
     12.4375 1.755266e-13
    12.46875 2.0930801e-13
        12.5 1.9741611e-13
    12.53125 1.6797651e-13
     12.5625 1.9504937e-13
    12.59375 1.8329704e-13
      12.625 1.9006831e-13
    12.65625 2.0845325e-13
     12.6875 1.5829575e-13
    12.71875 1.6093467e-13
       12.75 1.5665026e-13
    12.78125 1.6076898e-13
     12.8125 1.7335279e-13
    12.84375 2.2885578e-13
      12.875 2.3312437e-13
    12.90625 2.1185861e-13
     12.9375 2.0109451e-13
    12.96875 1.6451345e-13
          13 1.5415981e-13
    13.03125 1.5987552e-13
     13.0625 1.6684682e-13
    13.09375 1.7753527e-13
      13.125 1.6794126e-13
    13.15625 1.5957286e-13
     13.1875 1.4052706e-13
    13.21875 1.3662042e-13
       13.25 1.7650154e-13
    13.28125 2.2024376e-13
     13.3125 2.0675032e-13
    13.34375 1.6885786e-13
      13.375 1.6350228e-13
    13.40625 1.5927929e-13
     13.4375 1.5062838e-13
    13.46875 2.3379698e-13
        13.5 2.4820093e-13
    13.53125 2.0987938e-13
     13.5625 1.8345235e-13
    13.59375 1.8353426e-13
      13.625 1.9846624e-13
    13.65625 1.9557567e-13
     13.6875 1.8162216e-13
    13.71875 1.7141693e-13
       13.75 1.9913231e-13
    13.78125 1.9792523e-13
     13.8125 1.7286669e-13
    13.84375 1.6417243e-13
      13.875 1.8703057e-13
    13.90625 2.1485842e-13
     13.9375 2.4891414e-13
    13.96875 2.9097341e-13
          14 3.7123307e-13
    14.03125 5.4766819e-13
     14.0625 6.5599295e-13
    14.09375 5.4307465e-13
      14.125 3.6438176e-13
    14.15625 4.4561761e-13
     14.1875 5.7341518e-13
    14.21875 4.9117757e-13
       14.25 4.1693225e-13
    14.28125 3.9333234e-13
     14.3125 2.9250381e-13
    14.34375 2.4862358e-13
      14.375 3.4238039e-13
    14.40625 3.7102024e-13
     14.4375 4.0121603e-13
    14.46875 4.6424979e-13
        14.5 4.4167298e-13
    14.53125 4.7932535e-13
     14.5625 4.2231778e-13
    14.59375 3.8195185e-13
      14.625 3.4195045e-13
    14.65625 3.9986013e-13
     14.6875 4.2037933e-13
    14.71875 3.1129992e-13
       14.75 2.9577274e-13
    14.78125 3.1888866e-13
     14.8125 2.880968e-13
    14.84375 4.6576187e-13
      14.875 3.9973892e-13
    14.90625 3.6475104e-13
     14.9375 3.8028939e-13
    14.96875 2.4440674e-13
          15 3.4052901e-13
    15.03125 3.7291012e-13
     15.0625 4.0703205e-13
    15.09375 3.5288599e-13
      15.125 2.6797336e-13
    15.15625 2.5143573e-13
     15.1875 3.0592331e-13
    15.21875 2.0810708e-13
       15.25 1.7560591e-13
    15.28125 1.4796748e-13
     15.3125 1.7547446e-13
    15.34375 1.1521697e-13
      15.375 1.4402089e-13
    15.40625 1.4155442e-13
     15.4375 1.6029384e-13
    15.46875 1.6570866e-13
        15.5 1.5279012e-13
    15.53125 1.3754954e-13
     15.5625 1.5174166e-13
    15.59375 1.6156952e-13
      15.625 1.4753209e-13
    15.65625 1.4471749e-13
     15.6875 1.031058e-13
    15.71875 1.2514778e-13
       15.75 1.8948893e-13
    15.78125 1.6080687e-13
     15.8125 1.600833e-13
    15.84375 1.6995179e-13
      15.875 1.5436297e-13
    15.90625 1.6919658e-13
     15.9375 1.8804058e-13
    15.96875  1.40345e-13
          16 1.4048994e-13
    16.03125 1.8513039e-13
     16.0625 1.5880994e-13
    16.09375 1.1902371e-13
      16.125 1.3317856e-13
    16.15625 1.8664786e-13
     16.1875 2.3370504e-13
    16.21875 2.1787586e-13
       16.25 1.5490331e-13
    16.28125 1.4302571e-13
     16.3125 1.4212279e-13
    16.34375 1.3466542e-13
      16.375 1.3652707e-13
    16.40625 1.5612292e-13
     16.4375 1.7209323e-13
    16.46875 1.4051271e-13
        16.5 1.2384452e-13
    16.53125 1.663874e-13
     16.5625 1.5369828e-13
    16.59375 9.5592994e-14
      16.625 9.3568579e-14
    16.65625 1.3196132e-13
     16.6875 1.4277356e-13
    16.71875 1.3747632e-13
       16.75 1.2163119e-13
    16.78125 9.6386264e-14
     16.8125 1.0753699e-13
    16.84375 1.3359095e-13
      16.875 1.2608506e-13
    16.90625 1.300785e-13
     16.9375 1.4501875e-13
    16.96875 1.1349012e-13
          17 9.9638871e-14
    17.03125 1.2601954e-13
     17.0625 1.4373119e-13
    17.09375 1.4063642e-13
      17.125 1.1851326e-13
    17.15625 1.1342674e-13
     17.1875 1.3087159e-13
    17.21875 1.4065074e-13
       17.25 9.7524914e-14
    17.28125 7.7285888e-14
     17.3125 1.3143303e-13
    17.34375 1.5728666e-13
      17.375 1.0918118e-13
    17.40625 1.1487544e-13
     17.4375 1.0459189e-13
    17.46875 9.7385777e-14
        17.5 1.040208e-13
    17.53125 1.0554774e-13
     17.5625 1.0285988e-13
    17.59375 9.0985176e-14
      17.625 1.1174609e-13
    17.65625 1.0172397e-13
     17.6875 1.3043264e-13
    17.71875 1.3676664e-13
       17.75 1.3277002e-13
    17.78125 1.127445e-13
     17.8125 1.0877116e-13
    17.84375 1.4262571e-13
      17.875 1.1595905e-13
    17.90625 8.8123627e-14
     17.9375 9.2231961e-14
    17.96875 1.0948054e-13
          18 1.1181788e-13
    18.03125 9.7494122e-14
     18.0625 8.1869922e-14
    18.09375 9.243701e-14
      18.125 9.6135305e-14
    18.15625 8.7155062e-14
     18.1875 9.1490258e-14
    18.21875 8.808959e-14
       18.25 8.9379838e-14
    18.28125 9.2674166e-14
     18.3125 9.1377664e-14
    18.34375 9.4481497e-14
      18.375 9.4223715e-14
    18.40625 8.3211134e-14
     18.4375 9.8483199e-14
    18.46875 7.3751023e-14
        18.5 8.8679396e-14
    18.53125 1.0298326e-13
     18.5625 1.0356525e-13
    18.59375 8.3087041e-14
      18.625 8.3391661e-14
    18.65625 7.0408218e-14
     18.6875 7.3197687e-14
    18.71875 6.4540624e-14
       18.75 7.392066e-14
    18.78125 8.920291e-14
     18.8125 7.7817899e-14
    18.84375 8.0003068e-14
      18.875 8.6089108e-14
    18.90625 9.0712634e-14
     18.9375 1.0189153e-13
    18.96875 1.0523922e-13
          19 8.7965361e-14
    19.03125 7.2545384e-14
     19.0625 6.7881037e-14
    19.09375 9.2951214e-14
      19.125 9.3719513e-14
    19.15625 8.0417457e-14
     19.1875 8.4964283e-14
    19.21875 9.6475128e-14
       19.25 8.8191952e-14
    19.28125 9.1774455e-14
     19.3125 9.6227632e-14
    19.34375 7.7253857e-14
      19.375 9.1634836e-14
    19.40625 9.9772052e-14
     19.4375 9.4256823e-14
    19.46875 7.6165819e-14
        19.5 6.7657814e-14
    19.53125 7.085703e-14
     19.5625   7.9531e-14
    19.59375 5.9689951e-14
      19.625 6.8343565e-14
    19.65625 7.4659727e-14
     19.6875 7.733526e-14
    19.71875 7.7948485e-14
       19.75 7.4092012e-14
    19.78125 6.4775259e-14
     19.8125 8.7884066e-14
    19.84375 9.1495137e-14
      19.875 6.177269e-14
    19.90625 5.9770419e-14
     19.9375 6.270053e-14
    19.96875 5.2531377e-14
          20 5.1634552e-14
    20.03125 7.3553549e-14
     20.0625 9.7601486e-14
    20.09375 1.0300339e-13
      20.125 7.7309219e-14
    20.15625 8.9460591e-14
     20.1875 9.6935413e-14
    20.21875 8.0800363e-14
       20.25 8.1357284e-14
    20.28125 8.6962345e-14
     20.3125 6.7330195e-14
    20.34375 5.7603993e-14
      20.375 9.4525394e-14
    20.40625 8.2197141e-14
     20.4375 1.0267212e-13
    20.46875 6.8684851e-14
        20.5 8.8404693e-14
    20.53125 8.7481895e-14
     20.5625 7.7488831e-14
    20.59375 7.4452665e-14
      20.625 8.9096726e-14
    20.65625 8.4854622e-14
     20.6875  7.14739e-14
    20.71875 8.1639685e-14
       20.75 7.2831355e-14
    20.78125 7.4924116e-14
     20.8125 7.341715e-14
    20.84375 6.8908997e-14
      20.875 7.0241915e-14
    20.90625 5.6886231e-14
     20.9375 5.699476e-14
    20.96875 7.0788007e-14
          21  6.60597e-14
    21.03125 5.1539173e-14
     21.0625 5.2173316e-14
    21.09375 6.4407037e-14
      21.125 7.955263e-14
    21.15625 9.0273817e-14
     21.1875 9.0778527e-14
    21.21875 6.6550477e-14
       21.25 6.4590768e-14
    21.28125 7.7709859e-14
     21.3125 6.9146932e-14
    21.34375 6.9580944e-14
      21.375 8.0862942e-14
    21.40625 4.859429e-14
     21.4375 5.9442516e-14
    21.46875 7.4460634e-14
        21.5 7.4358569e-14
    21.53125 5.9815773e-14
     21.5625 4.9179383e-14
    21.59375 6.3979678e-14
      21.625 7.7872225e-14
    21.65625 7.6667934e-14
     21.6875 6.6597959e-14
    21.71875 5.2764745e-14
       21.75 6.5157156e-14
    21.78125 7.0685076e-14
     21.8125 6.5579547e-14
    21.84375 5.9792164e-14
      21.875 6.1518478e-14
    21.90625 6.5299125e-14
     21.9375 5.9783165e-14
    21.96875 5.2958868e-14
          22 6.855449e-14
    22.03125 5.7275683e-14
     22.0625 6.8692116e-14
    22.09375 8.1091363e-14
      22.125 7.4435534e-14
    22.15625 6.0005854e-14
     22.1875 6.2620373e-14
    22.21875 8.1091289e-14
       22.25 7.657928e-14
    22.28125 7.0973033e-14
     22.3125 7.5449948e-14
    22.34375 6.7365797e-14
      22.375 8.7986577e-14
    22.40625 9.7184427e-14
     22.4375 8.474154e-14
    22.46875 1.0553145e-13
        22.5 1.3314558e-13
    22.53125 1.2828414e-13
     22.5625 1.0624471e-13
    22.59375 9.5401639e-14
      22.625 7.2040559e-14
    22.65625 9.2289308e-14
     22.6875 1.1925736e-13
    22.71875 1.3652787e-13
       22.75 1.3703372e-13
    22.78125 1.5924503e-13
     22.8125 1.6204738e-13
    22.84375 2.1851767e-13
      22.875 2.5486086e-13
    22.90625 1.7199903e-13
     22.9375 1.3860952e-13
    22.96875 1.0680236e-13
          23 9.142652e-14
    23.03125 8.7267731e-14
     23.0625 8.9378381e-14
    23.09375 1.0409009e-13
      23.125 8.5743912e-14
    23.15625 8.4272446e-14
     23.1875 1.1104689e-13
    23.21875 1.009572e-13
       23.25 1.035928e-13
    23.28125 9.4282458e-14
     23.3125 8.0796914e-14
    23.34375 6.9526822e-14
      23.375 6.9317334e-14
    23.40625 1.1011781e-13
     23.4375 1.4993276e-13
    23.46875 2.4225511e-13
        23.5 2.5320552e-13
    23.53125 2.8071615e-13
     23.5625 4.532489e-13
    23.59375 5.0284007e-13
      23.625 3.401464e-13
    23.65625 2.2891495e-13
     23.6875 1.7914435e-13
    23.71875 1.3722778e-13
       23.75 1.481268e-13
    23.78125 1.1406598e-13
     23.8125 9.5279145e-14
    23.84375 1.187924e-13
      23.875 1.0796336e-13
    23.90625 8.0526962e-14
     23.9375 8.4784684e-14
    23.96875 6.9707444e-14
          24 7.4960559e-14
    24.03125 7.4630731e-14
     24.0625 6.8789206e-14
    24.09375 6.9474334e-14
      24.125 6.1935883e-14
    24.15625 6.4809215e-14
     24.1875 6.5533591e-14
    24.21875 7.5291973e-14
       24.25 7.8649889e-14
    24.28125 6.8474706e-14
     24.3125 5.7047913e-14
    24.34375 7.420674e-14
      24.375 9.7710949e-14
    24.40625 9.1475418e-14
     24.4375 6.5217187e-14
    24.46875 6.3074444e-14
        24.5 6.8138922e-14
    24.53125 6.3471316e-14
     24.5625 5.967774e-14
    24.59375 5.6194961e-14
      24.625 6.623654e-14
    24.65625 7.9225628e-14
     24.6875 8.7864693e-14
    24.71875 7.4968711e-14
       24.75 7.9522604e-14
    24.78125 7.9462709e-14
     24.8125 7.8403646e-14
    24.84375 6.4065994e-14
      24.875 6.4213913e-14
    24.90625 5.1778189e-14
     24.9375 7.2241787e-14
    24.96875 9.2349468e-14
          25 8.2908601e-14
    25.03125 5.6162476e-14
     25.0625 7.4109088e-14
    25.09375 9.4042951e-14
      25.125 1.1037872e-13
    25.15625 1.0220023e-13
     25.1875 1.1758151e-13
    25.21875 9.4608003e-14
       25.25 1.2858687e-13
    25.28125 1.4135301e-13
     25.3125 1.1989033e-13
    25.34375 1.0579669e-13
      25.375 8.3946271e-14
    25.40625 9.5849916e-14
     25.4375 1.0367068e-13
    25.46875 9.9674026e-14
        25.5 1.0718263e-13
    25.53125 1.3778556e-13
     25.5625 1.613907e-13
    25.59375 1.7774417e-13
      25.625 1.9208055e-13
    25.65625 1.824793e-13
     25.6875 1.0399387e-13
    25.71875 1.7502738e-13
       25.75 2.219457e-13
    25.78125 2.3269868e-13
     25.8125 2.2481845e-13
    25.84375 1.7340198e-13
      25.875 1.883284e-13
    25.90625 2.144922e-13
     25.9375 1.8735507e-13
    25.96875 2.1076509e-13
          26 2.0000245e-13
    26.03125 1.3816732e-13
     26.0625 1.4406763e-13
    26.09375  1.35636e-13
      26.125 1.281787e-13
    26.15625 8.7975146e-14
     26.1875 9.813145e-14
    26.21875 1.1697849e-13
       26.25 1.0121252e-13
    26.28125 9.4733032e-14
     26.3125 8.8293379e-14
    26.34375 8.6140242e-14
      26.375 9.7409839e-14
    26.40625 8.2433307e-14
     26.4375 9.0576777e-14
    26.46875 8.2921876e-14
        26.5 8.9577536e-14
    26.53125 1.0582599e-13
     26.5625 8.0313597e-14
    26.59375 7.6797286e-14
      26.625 7.1359626e-14
    26.65625 6.7938737e-14
     26.6875 8.2382655e-14
    26.71875 8.3244562e-14
       26.75 6.9679505e-14
    26.78125 8.1063689e-14
     26.8125 8.6611646e-14
    26.84375 9.1021293e-14
      26.875 8.4755851e-14
    26.90625 8.2728895e-14
     26.9375 7.1503316e-14
    26.96875 6.2123212e-14
          27 6.7463742e-14
    27.03125 6.4637972e-14
     27.0625 6.4532601e-14
    27.09375 8.0902109e-14
      27.125 7.2461432e-14
    27.15625 6.7633507e-14
     27.1875 5.6101825e-14
    27.21875 5.6061933e-14
       27.25 5.6642526e-14
    27.28125 6.3404624e-14
     27.3125 7.0230924e-14
    27.34375 6.7713528e-14
      27.375 6.2638473e-14
    27.40625 5.3098398e-14
     27.4375 9.2361428e-14
    27.46875 8.5651138e-14
        27.5 7.1626394e-14
    27.53125 6.7136502e-14
     27.5625 8.0747149e-14
    27.59375 6.5317258e-14
      27.625 7.6864222e-14
    27.65625 8.2630083e-14
     27.6875 7.3597053e-14
    27.71875 7.8017264e-14
       27.75 6.6949606e-14
    27.78125 6.6349046e-14
     27.8125 7.4617206e-14
    27.84375 7.8900997e-14
      27.875 6.2300879e-14
    27.90625 5.6465954e-14
     27.9375 7.4203061e-14
    27.96875 8.5392027e-14
          28 9.3572184e-14
    28.03125 8.0981954e-14
     28.0625 7.2109968e-14
    28.09375 8.1839226e-14
      28.125 9.2217805e-14
    28.15625 7.7123753e-14
     28.1875 8.9249598e-14
    28.21875 7.1614474e-14
       28.25 8.1553972e-14
    28.28125 8.9495685e-14
     28.3125 7.9858985e-14
    28.34375 7.3071256e-14
      28.375 7.4849571e-14
    28.40625 6.5710106e-14
     28.4375 9.6707283e-14
    28.46875 9.3384596e-14
        28.5 7.9865849e-14
    28.53125 8.0953609e-14
     28.5625 6.4548607e-14
    28.59375 5.360569e-14
      28.625 7.3592838e-14
    28.65625 8.245699e-14
     28.6875 6.8972402e-14
    28.71875 5.8251316e-14
       28.75 5.5505242e-14
    28.78125 5.4410279e-14
     28.8125 7.2975785e-14
    28.84375 6.7579528e-14
      28.875 5.8034035e-14
    28.90625 6.9525433e-14
     28.9375 7.5699423e-14
    28.96875 6.319332e-14
          29 7.090399e-14
    29.03125  8.26958e-14
     29.0625 7.664526e-14
    29.09375 7.6528133e-14
      29.125 8.4953989e-14
    29.15625 9.4819755e-14
     29.1875 7.4364939e-14
    29.21875 6.0440321e-14
       29.25 7.091248e-14
    29.28125 7.2119814e-14
     29.3125 5.8966077e-14
    29.34375 7.0197144e-14
      29.375 7.4922632e-14
    29.40625 6.8584536e-14
     29.4375 1.0308049e-13
    29.46875 9.7269815e-14
        29.5 8.3607519e-14
    29.53125 9.2447676e-14
     29.5625 9.4390451e-14
    29.59375 7.7266237e-14
      29.625 7.8391815e-14
    29.65625 1.228653e-13
     29.6875 1.2363859e-13
    29.71875 1.1118987e-13
       29.75 1.8507269e-13
    29.78125 1.6271184e-13
     29.8125 6.1950239e-13
    29.84375 9.6887724e-12
      29.875 2.6588046e-11
    29.90625 1.8332981e-11
     29.9375 1.8672724e-12
    29.96875 4.5159834e-13
          30 2.4507539e-13
    30.03125 3.1128751e-13
     30.0625 3.3643588e-13
    30.09375 3.8639998e-13
      30.125 2.6688764e-13
    30.15625 1.1795311e-13
     30.1875 9.5928304e-14
    30.21875 6.9951565e-14
       30.25 5.8338839e-14
    30.28125 7.5606263e-14
     30.3125 7.9001286e-14
    30.34375 5.434991e-14
      30.375 7.6512635e-14
    30.40625 5.8120575e-14
     30.4375 7.4004083e-14
    30.46875 6.613991e-14
        30.5 6.3659642e-14
    30.53125 6.1598289e-14
     30.5625 7.6546151e-14
    30.59375 5.4418502e-14
      30.625 5.7362711e-14
    30.65625 6.4825539e-14
     30.6875 6.4734025e-14
    30.71875 7.2280947e-14
       30.75 8.3676759e-14
    30.78125 7.2927036e-14
     30.8125 6.6265495e-14
    30.84375 6.7493279e-14
      30.875 7.3745568e-14
    30.90625 6.8039168e-14
     30.9375 8.3157378e-14
    30.96875 7.7554452e-14
          31 5.5064148e-14
    31.03125 5.3686493e-14
     31.0625 5.1898752e-14
    31.09375 5.2836726e-14
      31.125 6.2512543e-14
    31.15625 7.0594951e-14
     31.1875 9.2894673e-14
    31.21875 7.7461475e-14
       31.25 7.2165398e-14
    31.28125 9.3234495e-14
     31.3125 1.2338362e-13
    31.34375 1.199893e-13
      31.375 7.5612991e-14
    31.40625 9.6367955e-14
     31.4375 1.2846625e-13
    31.46875 8.8459994e-14
        31.5 1.2897531e-13
    31.53125 1.2547415e-13
     31.5625 1.0133005e-13
    31.59375 7.5140184e-14
      31.625 1.3916869e-13
    31.65625 1.8123318e-13
     31.6875 1.4279712e-13
    31.71875 1.3639366e-13
       31.75 1.5824919e-13
    31.78125 2.0193752e-13
     31.8125 1.9143176e-13
    31.84375 1.5289762e-13
      31.875 1.5144239e-13
    31.90625 1.5998447e-13
     31.9375 1.4338334e-13
    31.96875 1.8186899e-13
          32 1.7319353e-13
    32.03125 1.3992517e-13
     32.0625 2.0371744e-13
    32.09375 1.9393292e-13
      32.125 1.473379e-13
    32.15625 1.1390632e-13
     32.1875 1.3833208e-13
    32.21875 1.4048148e-13
       32.25 1.129258e-13
    32.28125 1.0058647e-13
     32.3125 8.4578896e-14
    32.34375 8.5943453e-14
      32.375 8.372319e-14
    32.40625 6.0905199e-14
     32.4375 8.764794e-14
    32.46875 8.386396e-14
        32.5 7.0309806e-14
    32.53125 7.2638489e-14
     32.5625 8.3692744e-14
    32.59375 1.0238169e-13
      32.625 8.009656e-14
    32.65625 7.498801e-14
     32.6875 8.2312432e-14
    32.71875 7.2239598e-14
       32.75 5.7723554e-14
    32.78125 4.7925477e-14
     32.8125 6.5513357e-14
    32.84375 7.1814957e-14
      32.875 8.9660084e-14
    32.90625 8.7496999e-14
     32.9375 7.0638977e-14
    32.96875 7.1173651e-14
          33 6.2629413e-14
    33.03125 6.3345827e-14
     33.0625 5.7350249e-14
    33.09375 5.963898e-14
      33.125 5.3346681e-14
    33.15625 6.8323798e-14
     33.1875 6.2889425e-14
    33.21875 6.2524171e-14
       33.25 6.5310374e-14
    33.28125 7.3937506e-14
     33.3125 5.3152896e-14
    33.34375 5.1553414e-14
      33.375 5.3338186e-14
    33.40625 5.5096671e-14
     33.4375 6.5941732e-14
    33.46875 4.5140188e-14
        33.5 3.9040531e-14
    33.53125 6.5808124e-14
     33.5625 8.7612236e-14
    33.59375 7.8576644e-14
      33.625 7.2354733e-14
    33.65625 6.2350651e-14
     33.6875 6.7337229e-14
    33.71875 6.7739278e-14
       33.75 6.6774765e-14
    33.78125 5.9627718e-14
     33.8125 5.0375211e-14
    33.84375 5.8762728e-14
      33.875 6.9392137e-14
    33.90625 7.0256551e-14
     33.9375 6.2545997e-14
    33.96875 8.8932713e-14
          34 7.4418316e-14
    34.03125 5.4184793e-14
     34.0625 4.9199082e-14
    34.09375 6.4703641e-14
      34.125 6.0656761e-14
    34.15625 4.3554204e-14
     34.1875 6.0970651e-14
    34.21875 6.6336198e-14
       34.25 6.273599e-14
    34.28125 6.067728e-14
     34.3125 6.3416123e-14
    34.34375 7.5382768e-14
      34.375 6.1016493e-14
    34.40625 7.307049e-14
     34.4375 6.2198077e-14
    34.46875 5.5552093e-14
        34.5 5.5110196e-14
    34.53125 4.3238467e-14
     34.5625 5.854216e-14
    34.59375 5.9188806e-14
      34.625 5.3657867e-14
    34.65625 5.9182172e-14
     34.6875 5.1547454e-14
    34.71875 5.8011111e-14
       34.75 6.6643373e-14
    34.78125 5.5403504e-14
     34.8125 5.6252769e-14
    34.84375 6.2432264e-14
      34.875 6.3983039e-14
    34.90625 6.4295791e-14
     34.9375 5.1185222e-14
    34.96875 4.6877683e-14
          35 4.8625078e-14
    35.03125 4.8517204e-14
     35.0625 5.7792089e-14
    35.09375 6.3344071e-14
      35.125 5.2801317e-14
    35.15625 5.1017858e-14
     35.1875  4.99141e-14
    35.21875 4.0950482e-14
       35.25 4.8882119e-14
    35.28125 6.3270827e-14
     35.3125 5.2372891e-14
    35.34375 3.8149849e-14
      35.375 4.3653734e-14
    35.40625 5.7468807e-14
     35.4375 5.2148359e-14
    35.46875   4.4941e-14
        35.5 5.5779888e-14
    35.53125 6.1713757e-14
     35.5625 7.3392179e-14
    35.59375  5.90718e-14
      35.625 5.9034158e-14
    35.65625 6.0605485e-14
     35.6875 5.8726116e-14
    35.71875 7.0021022e-14
       35.75 6.0630754e-14
    35.78125 7.0363528e-14
     35.8125 6.2070696e-14
    35.84375 5.4583701e-14
      35.875 4.8126769e-14
    35.90625 6.0996652e-14
     35.9375 6.7636889e-14
    35.96875 6.1310691e-14
          36 6.0689416e-14
    36.03125 6.4652561e-14
     36.0625 6.2461145e-14
    36.09375 6.2902557e-14
      36.125 6.3677138e-14
    36.15625 7.3810722e-14
     36.1875  8.00652e-14
    36.21875 6.1311023e-14
       36.25 4.4839217e-14
    36.28125 6.1735515e-14
     36.3125 5.6052731e-14
    36.34375 4.5818279e-14
      36.375 4.6164803e-14
    36.40625 4.3760236e-14
     36.4375 5.0820757e-14
    36.46875 5.2903201e-14
        36.5 6.3493725e-14
    36.53125 5.0678032e-14
     36.5625 4.7136276e-14
    36.59375 6.0157744e-14
      36.625 5.5150708e-14
    36.65625 4.5781873e-14
     36.6875 6.1202955e-14
    36.71875 5.5396737e-14
       36.75 5.7231861e-14
    36.78125 6.6715046e-14
     36.8125 5.813301e-14
    36.84375 6.3607126e-14
      36.875 5.3401351e-14
    36.90625 4.8037898e-14
     36.9375 5.4621668e-14
    36.96875 4.670518e-14
          37 6.3511669e-14
    37.03125 5.9514541e-14
     37.0625 6.2349926e-14
    37.09375 7.7719169e-14
      37.125 8.6408697e-14
    37.15625 7.0055825e-14
     37.1875 4.6900523e-14
    37.21875 5.2843496e-14
       37.25 5.491337e-14
    37.28125 4.0682227e-14
     37.3125 4.9903464e-14
    37.34375 5.3631751e-14
      37.375 4.6051464e-14
    37.40625 3.957963e-14
     37.4375 7.3408503e-14
    37.46875 6.0270331e-14
        37.5 6.6418754e-14
    37.53125 5.2386891e-14
     37.5625 4.4418923e-14
    37.59375 5.2831332e-14
      37.625 5.7363856e-14
    37.65625 5.9418596e-14
     37.6875 4.9150354e-14
    37.71875 5.0146949e-14
       37.75 6.545298e-14
    37.78125 6.2606645e-14
     37.8125 6.0385602e-14
    37.84375 7.0205201e-14
      37.875 1.0069057e-13
    37.90625 8.0186326e-14
     37.9375 7.4783401e-14
    37.96875 7.2856726e-14
          38 7.6854667e-14
    38.03125 6.4165043e-14
     38.0625 7.2286971e-14
    38.09375 9.4591401e-14
      38.125 7.5033031e-14
    38.15625 1.0872659e-13
     38.1875 9.0514978e-14
    38.21875 8.2168816e-14
       38.25 8.7345895e-14
    38.28125 9.6009375e-14
     38.3125 1.1069634e-13
    38.34375 1.1056108e-13
      38.375 9.6680144e-14
    38.40625 8.3854642e-14
     38.4375 9.586105e-14
    38.46875 1.0580064e-13
        38.5 1.0972788e-13
    38.53125 9.2381547e-14
     38.5625 1.0355463e-13
    38.59375 1.1065306e-13
      38.625 8.5435734e-14
    38.65625 8.2991028e-14
     38.6875 7.5060719e-14
    38.71875 8.6696797e-14
       38.75 9.3277748e-14
    38.78125 7.369642e-14
     38.8125 8.4383902e-14
    38.84375 1.2547419e-13
      38.875 1.1301809e-13
    38.90625 9.3473515e-14
     38.9375 8.6023196e-14
    38.96875 8.6226795e-14
          39 8.6171731e-14
    39.03125 7.3929869e-14
     39.0625 7.2201156e-14
    39.09375 5.7988438e-14
      39.125 6.2905105e-14
    39.15625 7.3670901e-14
     39.1875 7.0466426e-14
    39.21875 6.3855456e-14
       39.25 5.8209717e-14
    39.28125 4.2258487e-14
     39.3125 3.4603302e-14
    39.34375 5.6251217e-14
      39.375 5.7857561e-14
    39.40625 5.3349455e-14
     39.4375 4.5303926e-14
    39.46875 5.8919781e-14
        39.5 6.7030765e-14
    39.53125 7.0771981e-14
     39.5625 5.6850168e-14
    39.59375 4.8057255e-14
      39.625 4.4504327e-14
    39.65625 4.426128e-14
     39.6875 5.1131747e-14
    39.71875 5.7899445e-14
       39.75 5.2120993e-14
    39.78125 5.4522511e-14
     39.8125 5.6550318e-14
    39.84375 5.835212e-14
      39.875 5.7759007e-14
    39.90625 5.3699195e-14
     39.9375 4.7111624e-14
    39.96875 4.5301389e-14
          40 3.7324883e-14
    40.03125 5.7981669e-14
     40.0625 5.8922817e-14
    40.09375 5.3492492e-14
      40.125 5.2447148e-14
    40.15625 6.0927649e-14
     40.1875 4.8424504e-14
    40.21875 5.4247917e-14
       40.25 4.7714125e-14
    40.28125 5.6510135e-14
     40.3125 6.8151214e-14
    40.34375 7.1703257e-14
      40.375 5.5152656e-14
    40.40625 5.2888222e-14
     40.4375 5.0522774e-14
    40.46875 3.7266048e-14
        40.5 4.1731142e-14
    40.53125 5.3200374e-14
     40.5625 7.3364824e-14
    40.59375 9.0957549e-14
      40.625 8.5327206e-14
    40.65625 7.4623684e-14
     40.6875  5.16336e-14
    40.71875 4.8505735e-14
       40.75 4.4863873e-14
    40.78125 5.1289061e-14
     40.8125 5.9170239e-14
    40.84375 6.6291536e-14
      40.875 7.7778346e-14
    40.90625 5.959944e-14
     40.9375 5.2318074e-14
    40.96875 5.0386422e-14
          41 4.6354491e-14
    41.03125 4.980754e-14
     41.0625 5.9110553e-14
    41.09375 6.2862001e-14
      41.125 6.3226103e-14
    41.15625 5.9383101e-14
     41.1875 6.1078387e-14
    41.21875 5.9667488e-14
       41.25 6.7400634e-14
    41.28125 7.1724853e-14
     41.3125 7.3944181e-14
    41.34375 6.0846104e-14
      41.375 7.1766845e-14
    41.40625 9.4279165e-14
     41.4375 8.3535745e-14
    41.46875 5.9110201e-14
        41.5 4.3903402e-14
    41.53125 5.4471151e-14
     41.5625 6.2819745e-14
    41.59375 5.719222e-14
      41.625 5.3288022e-14
    41.65625 5.3205206e-14
     41.6875 5.013275e-14
    41.71875 5.7215558e-14
       41.75 5.0581667e-14
    41.78125 3.6778384e-14
     41.8125 3.9602782e-14
    41.84375 4.9973863e-14
      41.875 5.7993703e-14
    41.90625 5.7870924e-14
     41.9375 6.7361156e-14
    41.96875 6.3361852e-14
          42 4.6203113e-14
    42.03125 4.7686711e-14
     42.0625 4.5603878e-14
    42.09375 3.1669349e-14
      42.125 4.2973979e-14
    42.15625 4.7736541e-14
     42.1875 5.8032992e-14
    42.21875 5.8673132e-14
       42.25 4.3504293e-14
    42.28125 5.1682186e-14
     42.3125  5.62959e-14
    42.34375 5.5431761e-14
      42.375 5.8928983e-14
    42.40625 6.1724721e-14
     42.4375 6.1797701e-14
    42.46875 5.6669533e-14
        42.5 5.1996219e-14
    42.53125 5.8844721e-14
     42.5625 5.5844916e-14
    42.59375 4.6826136e-14
      42.625 5.2754896e-14
    42.65625 5.4512093e-14
     42.6875 4.9895794e-14
    42.71875 6.9331219e-14
       42.75 5.4624904e-14
    42.78125 4.1547657e-14
     42.8125 4.8557488e-14
    42.84375 4.4064616e-14
      42.875 4.9757287e-14
    42.90625 5.5968308e-14
     42.9375 5.8575066e-14
    42.96875 5.5977246e-14
          43 6.0011173e-14
    43.03125 5.9395217e-14
     43.0625 6.3273415e-14
    43.09375 6.5347365e-14
      43.125 4.4137664e-14
    43.15625 3.5393099e-14
     43.1875 4.811177e-14
    43.21875 5.5806468e-14
       43.25 6.3601895e-14
    43.28125 5.3901609e-14
     43.3125 4.9235284e-14
    43.34375 4.4302252e-14
      43.375 4.3718081e-14
    43.40625 4.9454679e-14
     43.4375 6.095184e-14
    43.46875 6.7499812e-14
        43.5 5.8970502e-14
    43.53125 5.8185892e-14
     43.5625 4.7673217e-14
    43.59375 4.5093086e-14
      43.625 4.9094412e-14
    43.65625 5.4624552e-14
     43.6875 4.9530665e-14
    43.71875 4.5659592e-14
       43.75 5.7169289e-14
    43.78125 6.3951645e-14
     43.8125 5.4000105e-14
    43.84375 4.8026988e-14
      43.875 5.5980889e-14
    43.90625 5.8901038e-14
     43.9375 5.4590016e-14
    43.96875 4.2770539e-14
          44 6.3180167e-14
    44.03125 5.5931544e-14
     44.0625 4.4658003e-14
    44.09375 4.5306593e-14
      44.125 4.6516857e-14
    44.15625 5.6607039e-14
     44.1875 5.9454449e-14
    44.21875 6.6552565e-14
       44.25 5.6881867e-14
    44.28125 4.7382118e-14
     44.3125 5.2046465e-14
    44.34375 6.0292137e-14
      44.375 4.9347218e-14
    44.40625 3.8554449e-14
     44.4375 3.9228081e-14
    44.46875 3.7203408e-14
        44.5 4.3215211e-14
    44.53125 5.2041382e-14
     44.5625 4.6912591e-14
    44.59375 4.9049953e-14
      44.625 5.0823193e-14
    44.65625 4.1593709e-14
     44.6875 5.6077227e-14
    44.71875 5.230666e-14
       44.75 5.263003e-14
    44.78125 4.6639559e-14
     44.8125 3.1197531e-14
    44.84375 4.5819265e-14
      44.875 5.4620313e-14
    44.90625 5.4030866e-14
     44.9375 4.814929e-14
    44.96875 4.223354e-14
          45 4.4415921e-14
    45.03125 3.4651786e-14
     45.0625 4.0797471e-14
    45.09375 5.593375e-14
      45.125 5.0255275e-14
    45.15625 4.3800887e-14
     45.1875 4.8623557e-14
    45.21875 5.4115329e-14
       45.25 5.7078481e-14
    45.28125 5.3343519e-14
     45.3125 5.0673363e-14
    45.34375 4.3261086e-14
      45.375 4.5283703e-14
    45.40625 5.5583508e-14
     45.4375 5.9140301e-14
    45.46875 4.4495352e-14
        45.5 4.7842996e-14
    45.53125 6.2527816e-14
     45.5625 4.9186102e-14
    45.59375 3.9609998e-14
      45.625 3.8818697e-14
    45.65625 4.7453608e-14
     45.6875 5.219891e-14
    45.71875 6.1600329e-14
       45.75 4.666172e-14
    45.78125 5.4762825e-14
     45.8125 4.7091898e-14
    45.84375 4.5427481e-14
      45.875 5.2093709e-14
    45.90625 6.1279351e-14
     45.9375 5.1983838e-14
    45.96875 4.461787e-14
          46 4.8192017e-14
    46.03125 5.6247399e-14
     46.0625 5.904584e-14
    46.09375 5.5866702e-14
      46.125 5.8839089e-14
    46.15625 5.0008232e-14
     46.1875 5.2210948e-14
    46.21875 5.3546807e-14
       46.25 4.8563048e-14
    46.28125 4.0874493e-14
     46.3125 3.7438683e-14
    46.34375 3.6038508e-14
      46.375 4.7720501e-14
    46.40625 5.1505106e-14
     46.4375 4.1043703e-14
    46.46875 4.7557265e-14
        46.5 5.4189478e-14
    46.53125 4.933952e-14
     46.5625 4.6342406e-14
    46.59375 4.4332149e-14
      46.625 4.2430733e-14
    46.65625 4.5711454e-14
     46.6875 4.2860545e-14
    46.71875 4.351007e-14
       46.75 3.499806e-14
    46.78125 3.7805666e-14
     46.8125 4.4642228e-14
    46.84375 4.3280399e-14
      46.875 5.0571526e-14
    46.90625 5.4835046e-14
     46.9375 4.3011415e-14
    46.96875 3.7146359e-14
          47 3.6994479e-14
    47.03125 4.4915355e-14
     47.0625 5.0294763e-14
    47.09375 6.1127718e-14
      47.125 5.1080318e-14
    47.15625 5.1921127e-14
     47.1875 4.8912846e-14
    47.21875 3.975542e-14
       47.25 2.8800215e-14
    47.28125 3.5068668e-14
     47.3125 3.9545261e-14
    47.34375 4.2788127e-14
      47.375 4.4783343e-14
    47.40625 4.2856533e-14
     47.4375 5.0382319e-14
    47.46875 3.6465846e-14
        47.5 3.2109278e-14
    47.53125 3.808625e-14
     47.5625 4.8863471e-14
    47.59375 5.4494122e-14
      47.625 6.0853632e-14
    47.65625 5.8409108e-14
     47.6875 4.9894181e-14
    47.71875 4.6302307e-14
       47.75 4.3030615e-14
    47.78125 4.487878e-14
     47.8125 5.3882222e-14
    47.84375 5.4706006e-14
      47.875 5.858111e-14
    47.90625 5.9484075e-14
     47.9375 4.0481514e-14
    47.96875 4.1076385e-14
          48 5.2169478e-14
    48.03125 4.815902e-14
     48.0625 4.9313198e-14
    48.09375 5.126715e-14
      48.125 5.162099e-14
    48.15625 5.1247574e-14
     48.1875 5.7672691e-14
    48.21875 4.5289632e-14
       48.25 3.9722603e-14
    48.28125 4.9945975e-14
     48.3125 5.142151e-14
    48.34375 4.4642401e-14
      48.375 5.3305247e-14
    48.40625 5.919279e-14
     48.4375 6.0240475e-14
    48.46875 5.3056158e-14
        48.5 5.5212399e-14
    48.53125 5.3693805e-14
     48.5625 5.2956283e-14
    48.59375 5.1343597e-14
      48.625 5.0585445e-14
    48.65625 4.6574276e-14
     48.6875 6.0817575e-14
    48.71875 5.7657011e-14
       48.75 6.1000203e-14
    48.78125 5.2796424e-14
     48.8125 4.8592396e-14
    48.84375 5.3117816e-14
      48.875 5.6902847e-14
    48.90625 5.5102536e-14
     48.9375 5.1013105e-14
    48.96875 5.1105618e-14
          49 5.0635216e-14
    49.03125 4.9370769e-14
     49.0625 5.4632039e-14
    49.09375 6.8128107e-14
      49.125 5.5093981e-14
    49.15625 6.0018966e-14
     49.1875 7.5438848e-14
    49.21875 6.8853133e-14
       49.25 5.9279282e-14
    49.28125 5.1035602e-14
     49.3125 4.9101057e-14
    49.34375 4.9922319e-14
      49.375 6.0070526e-14
    49.40625 6.3901087e-14
     49.4375 6.7456193e-14
    49.46875 7.5218681e-14
        49.5 5.5042871e-14
    49.53125 4.3478296e-14
     49.5625 5.6049552e-14
    49.59375 6.0311599e-14
      49.625 5.7739261e-14
    49.65625 6.5372844e-14
     49.6875 5.586267e-14
    49.71875 5.1948297e-14
       49.75 6.2282583e-14
    49.78125 6.3504777e-14
     49.8125 7.3659557e-14
    49.84375 7.6359485e-14
      49.875 7.2255617e-14
    49.90625 5.7892886e-14
     49.9375 6.479512e-14
    49.96875 6.9720651e-14
          50 6.2228875e-14
    50.03125 7.2272253e-14
     50.0625 8.7522674e-14
    50.09375 8.1769457e-14
      50.125 7.7227043e-14
    50.15625 5.7329175e-14
     50.1875 4.8119589e-14
    50.21875 5.0811009e-14
       50.25 6.0784074e-14
    50.28125 6.5644227e-14
     50.3125 8.0128517e-14
    50.34375 6.7773159e-14
      50.375 5.3900538e-14
    50.40625 5.8127196e-14
     50.4375 5.4302984e-14
    50.46875 6.1359751e-14
        50.5 5.2373328e-14
    50.53125 5.1511885e-14
     50.5625 5.4828148e-14
    50.59375 5.4240734e-14
      50.625 6.8674192e-14
    50.65625 5.0121338e-14
     50.6875 4.1458471e-14
    50.71875 4.528704e-14
       50.75 5.4008091e-14
    50.78125 5.9821302e-14
     50.8125 6.9374675e-14
    50.84375 6.1311402e-14
      50.875 5.5782307e-14
    50.90625 4.9432094e-14
     50.9375 5.1354659e-14
    50.96875 4.6853746e-14
          51 5.6698468e-14
    51.03125 5.3227042e-14
     51.0625 4.6092419e-14
    51.09375 5.0543537e-14
      51.125 5.5792715e-14
    51.15625  5.13469e-14
     51.1875 5.6576044e-14
    51.21875 5.0355797e-14
       51.25 3.9433019e-14
    51.28125 3.6591298e-14
     51.3125 4.7284069e-14
    51.34375 4.9061249e-14
      51.375 5.3654648e-14
    51.40625 5.4076426e-14
     51.4375 5.9342139e-14
    51.46875 5.8351808e-14
        51.5 5.5191769e-14
    51.53125 3.6899276e-14
     51.5625 3.8288796e-14
    51.59375 4.5296147e-14
      51.625 5.8265567e-14
    51.65625 6.3131988e-14
     51.6875 6.6823608e-14
    51.71875 5.9136432e-14
       51.75 4.5720775e-14
    51.78125 4.5053235e-14
     51.8125 5.7101852e-14
    51.84375 6.1621599e-14
      51.875 6.5626032e-14
    51.90625 6.5668201e-14
     51.9375 7.3178971e-14
    51.96875 6.0631018e-14
          52 5.6238139e-14
    52.03125 4.9989089e-14
     52.0625 5.0525678e-14
    52.09375 6.6152629e-14
      52.125 7.2612306e-14
    52.15625 5.8874936e-14
     52.1875 4.7942498e-14
    52.21875 4.8583909e-14
       52.25 6.1189287e-14
    52.28125 5.1460345e-14
     52.3125 3.4021509e-14
    52.34375 4.3196813e-14
      52.375 5.5288724e-14
    52.40625 6.125106e-14
     52.4375 6.9682012e-14
    52.46875 7.9386245e-14
        52.5 6.7460868e-14
    52.53125 6.107712e-14
     52.5625 6.3226476e-14
    52.59375 6.2929635e-14
      52.625 4.9320353e-14
    52.65625 4.875071e-14
     52.6875 4.5670692e-14
    52.71875 5.313191e-14
       52.75 6.4024747e-14
    52.78125 7.4371187e-14
     52.8125 6.8185705e-14
    52.84375 5.941062e-14
      52.875 4.641212e-14
    52.90625 4.8129534e-14
     52.9375 7.1330217e-14
    52.96875 6.1307601e-14
          53 4.2906224e-14
    53.03125 6.0234065e-14
     53.0625 5.9705069e-14
    53.09375 5.6480052e-14
      53.125 5.6586781e-14
    53.15625 6.5878652e-14
     53.1875 6.0896776e-14
    53.21875 5.0417505e-14
       53.25 4.7757296e-14
    53.28125 4.6813546e-14
     53.3125 5.1429537e-14
    53.34375 3.4146436e-14
      53.375 3.755369e-14
    53.40625 4.9798788e-14
     53.4375 4.6611227e-14
    53.46875 5.8365259e-14
        53.5 6.0409956e-14
    53.53125 4.6762514e-14
     53.5625 5.3106425e-14
    53.59375 5.801492e-14
      53.625 6.0466707e-14
    53.65625 5.074158e-14
     53.6875 6.1347174e-14
    53.71875 5.5084226e-14
       53.75 3.8069272e-14
    53.78125 4.334971e-14
     53.8125 5.7612342e-14
    53.84375 5.0406829e-14
      53.875 5.4573116e-14
    53.90625 5.3270881e-14
     53.9375 5.0375648e-14
    53.96875 6.3644524e-14
          54 7.0878328e-14
    54.03125 5.5187873e-14
     54.0625 4.5640341e-14
    54.09375 6.237247e-14
      54.125 6.3778864e-14
    54.15625 6.7860966e-14
     54.1875 6.1656064e-14
    54.21875 4.629173e-14
       54.25 6.2031191e-14
    54.28125 6.1537825e-14
     54.3125 4.9884667e-14
    54.34375 4.132052e-14
      54.375 5.8550556e-14
    54.40625 6.222611e-14
     54.4375  5.41197e-14
    54.46875 6.0192492e-14
        54.5 5.3398045e-14
    54.53125 4.8901885e-14
     54.5625 5.1270206e-14
    54.59375 5.1249749e-14
      54.625 5.7034564e-14
    54.65625 5.9999023e-14
     54.6875 5.7851063e-14
    54.71875 6.1752659e-14
       54.75 6.7413922e-14
    54.78125 8.6906617e-14
     54.8125 7.730499e-14
    54.84375 6.5126391e-14
      54.875 4.510153e-14
    54.90625 5.9584628e-14
     54.9375 6.0106108e-14
    54.96875 4.2167194e-14
          55 4.4312884e-14
    55.03125 5.6041977e-14
     55.0625 6.6252423e-14
    55.09375 6.6709184e-14
      55.125 5.5177159e-14
    55.15625 4.6154439e-14
     55.1875 7.3139005e-14
    55.21875 7.3071832e-14
       55.25 6.5181693e-14
    55.28125 5.9807966e-14
     55.3125 9.5324905e-14
    55.34375 1.3044892e-13
      55.375 1.240742e-13
    55.40625 1.2296135e-13
     55.4375 1.1711186e-13
    55.46875 8.7990806e-14
        55.5 1.4356951e-13
    55.53125 1.7801048e-13
     55.5625 1.6080476e-13
    55.59375 1.281714e-13
      55.625 1.0408199e-13
    55.65625 1.0100649e-13
     55.6875 7.2712175e-14
    55.71875 7.3787791e-14
       55.75 9.3723572e-14
    55.78125 1.0392644e-13
     55.8125 9.3902764e-14
    55.84375 1.0979143e-13
      55.875 1.1557125e-13
    55.90625 7.7065788e-14
     55.9375 5.7281992e-14
    55.96875 5.8465609e-14
          56 7.5871079e-14
    56.03125 6.868397e-14
     56.0625 5.2483364e-14
    56.09375 7.0334912e-14
      56.125 7.8047777e-14
    56.15625 6.6188679e-14
     56.1875 5.5292573e-14
    56.21875 6.5048417e-14
       56.25  7.05613e-14
    56.28125 5.3419569e-14
     56.3125 4.3802334e-14
    56.34375 6.4672944e-14
      56.375 6.4723414e-14
    56.40625 4.9976882e-14
     56.4375 5.664768e-14
    56.46875 5.6478961e-14
        56.5 6.5107154e-14
    56.53125 7.0993308e-14
     56.5625 9.3390925e-14
    56.59375 1.0296297e-13
      56.625 7.2050235e-14
    56.65625 6.1477624e-14
     56.6875 7.4911302e-14
    56.71875 7.2386189e-14
       56.75 6.0299198e-14
    56.78125 9.084099e-14
     56.8125 8.2669996e-14
    56.84375 5.7777723e-14
      56.875 6.5155672e-14
    56.90625 8.0372524e-14
     56.9375 7.4429246e-14
    56.96875 6.4504757e-14
          57 7.5584992e-14
    57.03125 7.6191081e-14
     57.0625 7.4552648e-14
    57.09375 6.840508e-14
      57.125 4.8816149e-14
    57.15625 5.4555952e-14
     57.1875 6.9634118e-14
    57.21875 7.0475465e-14
       57.25 7.4071053e-14
    57.28125 5.9443973e-14
     57.3125 5.7441051e-14
    57.34375 7.0710243e-14
      57.375 6.9671685e-14
    57.40625 6.8433764e-14
     57.4375 6.8106314e-14
    57.46875 5.9801732e-14
        57.5 5.1565631e-14
    57.53125 4.3760639e-14
     57.5625 6.9675561e-14
    57.59375  6.66034e-14
      57.625 6.1528534e-14
    57.65625 6.1967717e-14
     57.6875 7.3227279e-14
    57.71875 7.553333e-14
       57.75 6.936489e-14
    57.78125 6.814933e-14
     57.8125 6.0104381e-14
    57.84375 6.1843874e-14
      57.875 6.4863743e-14
    57.90625 7.3718077e-14
     57.9375 7.1292493e-14
    57.96875 6.7017626e-14
          58 6.9592661e-14
    58.03125 6.5080855e-14
     58.0625 6.1853002e-14
    58.09375 6.5702015e-14
      58.125 7.8541774e-14
    58.15625 8.1922425e-14
     58.1875 7.4181119e-14
    58.21875 8.2550693e-14
       58.25 5.3306775e-14
    58.28125 7.1785947e-14
     58.3125 9.192564e-14
    58.34375 7.7903158e-14
      58.375 8.8262337e-14
    58.40625 8.047967e-14
     58.4375 6.5144748e-14
    58.46875 6.4942368e-14
        58.5 6.4683732e-14
    58.53125 5.9102883e-14
     58.5625 8.3313334e-14
    58.59375 8.0028933e-14
      58.625 7.2439078e-14
    58.65625 7.4842483e-14
     58.6875 5.7668842e-14
    58.71875 5.7838655e-14
       58.75 7.0856237e-14
    58.78125 5.6098013e-14
     58.8125 5.0160417e-14
    58.84375 5.3615244e-14
      58.875 5.3826352e-14
    58.90625 5.7359526e-14
     58.9375 6.6734351e-14
    58.96875 6.8522573e-14
          59 7.0164252e-14
    59.03125 7.9974621e-14
     59.0625 1.1337612e-13
    59.09375 2.1487743e-13
      59.125 1.5556386e-13
    59.15625 9.6723858e-14
     59.1875 1.714243e-13
    59.21875 1.9060633e-13
       59.25 7.8235737e-14
    59.28125 8.0096669e-14
     59.3125 6.7796422e-14
    59.34375 7.9717638e-14
      59.375 8.3650772e-14
    59.40625 6.9259492e-14
     59.4375 6.9434862e-14
    59.46875 7.8439757e-14
        59.5 8.3342533e-14
    59.53125 9.3202098e-14
     59.5625 6.6792837e-14
    59.59375 6.8299804e-14
      59.625 6.8039419e-14
    59.65625 5.0054097e-14
     59.6875 7.1475547e-14
    59.71875 9.196087e-14
       59.75 1.6120205e-13
    59.78125 1.796631e-13
     59.8125 1.289599e-13
    59.84375 1.3024121e-13
      59.875 1.5305416e-13
    59.90625 1.0383795e-13
     59.9375 1.261051e-13
    59.96875 4.5057458e-13
          60 4.9911892e-13
    60.03125 1.4092711e-13
     60.0625 1.4687409e-13
    60.09375 1.6005362e-13
      60.125 1.3227399e-13
    60.15625 1.1649351e-13
     60.1875 1.2241578e-13
    60.21875 1.202596e-13
       60.25 8.8350544e-14
    60.28125 7.5957253e-14
     60.3125 7.2783041e-14
    60.34375 6.6330472e-14
      60.375 7.6441674e-14
    60.40625 9.3826321e-14
     60.4375 8.2042622e-14
    60.46875 7.6669553e-14
        60.5 7.0293923e-14
    60.53125 9.2588785e-14
     60.5625 7.7979967e-14
    60.59375 7.9787251e-14
      60.625 8.1166681e-14
    60.65625 6.732945e-14
     60.6875 6.0832883e-14
    60.71875 7.3368971e-14
       60.75 6.9022492e-14
    60.78125 8.4266802e-14
     60.8125 9.0849454e-14
    60.84375 8.2601142e-14
      60.875 7.5637183e-14
    60.90625 8.8089116e-14
     60.9375 8.888225e-14
    60.96875 6.9683978e-14
          61 5.9467019e-14
    61.03125 7.4979939e-14
     61.0625 7.8102177e-14
    61.09375 6.3158937e-14
      61.125 9.3759703e-14
    61.15625 7.3906647e-14
     61.1875 9.5832278e-14
    61.21875  1.13611e-13
       61.25 9.6279403e-14
    61.28125 9.1461445e-14
     61.3125 7.368425e-14
    61.34375 8.869324e-14
      61.375 8.1005732e-14
    61.40625 7.1004793e-14
     61.4375 8.5910825e-14
    61.46875 9.4729759e-14
        61.5 9.0097438e-14
    61.53125 8.1304267e-14
     61.5625 8.116435e-14
    61.59375 6.5223007e-14
      61.625 5.9408255e-14
    61.65625 7.6116508e-14
     61.6875 8.098419e-14
    61.71875 7.4367141e-14
       61.75 7.7254514e-14
    61.78125 8.6168269e-14
     61.8125 7.7248571e-14
    61.84375 6.9575232e-14
      61.875 6.0616002e-14
    61.90625 5.2818081e-14
     61.9375 5.3501935e-14
    61.96875 6.2645147e-14
          62 8.689194e-14
    62.03125 7.0603781e-14
     62.0625 8.0380913e-14
    62.09375 7.618503e-14
      62.125 6.4867538e-14
    62.15625 8.3510313e-14
     62.1875 1.0801631e-13
    62.21875 8.2671202e-14
       62.25 7.1319957e-14
    62.28125 5.9472541e-14
     62.3125 7.3122172e-14
    62.34375 9.4218267e-14
      62.375 8.4593174e-14
    62.40625 7.2470377e-14
     62.4375 7.6311129e-14
    62.46875 8.1494321e-14
        62.5 8.3989185e-14
    62.53125 1.036019e-13
     62.5625 1.120907e-13
    62.59375 1.0252784e-13
      62.625 9.3700967e-14
    62.65625 1.073041e-13
     62.6875 7.2182975e-14
    62.71875 9.6433556e-14
       62.75 7.0671564e-14
    62.78125 7.9059487e-14
     62.8125 1.3951096e-13
    62.84375 1.2572456e-13
      62.875 7.6609834e-14
    62.90625 8.0734369e-14
     62.9375 8.7481481e-14
    62.96875 9.3878749e-14
          63 9.1547307e-14
    63.03125 7.6174981e-14
     63.0625 6.7462048e-14
    63.09375 7.6355697e-14
      63.125 7.6280291e-14
    63.15625 8.2322075e-14
     63.1875 7.2642582e-14
    63.21875 6.3255872e-14
       63.25 6.4407159e-14
    63.28125 8.1405409e-14
     63.3125 7.4698867e-14
    63.34375 7.4010446e-14
      63.375 8.405339e-14
    63.40625 8.9007394e-14
     63.4375 7.6047682e-14
    63.46875 7.2445983e-14
        63.5 2.2409741e-13
    63.53125 2.7830017e-13
     63.5625 1.2307393e-13
    63.59375 7.2270132e-14
      63.625 6.8308152e-14
    63.65625 5.7059934e-14
     63.6875 4.5985165e-14
    63.71875 5.1086976e-14
       63.75 6.0510963e-14
    63.78125 5.8065078e-14
     63.8125 4.4197163e-14
    63.84375 5.033393e-14
      63.875 5.344847e-14
    63.90625 7.5675936e-14
     63.9375 7.2329295e-14
    63.96875 5.9945809e-14
          64   4.5151e-14
    64.03125 5.3577382e-14
     64.0625 6.887025e-14
    64.09375 5.6704678e-14
      64.125 5.9941669e-14
    64.15625 4.9402655e-14
     64.1875 5.3141824e-14
    64.21875 4.0546261e-14
       64.25 6.5055403e-14
    64.28125   6.9626e-14
     64.3125 6.6451659e-14
    64.34375 7.0367337e-14
      64.375 5.324483e-14
    64.40625 4.4749001e-14
     64.4375 5.3376208e-14
    64.46875 4.702794e-14
        64.5 4.2332925e-14
    64.53125 4.1942124e-14
     64.5625 5.5356412e-14
    64.59375 5.7074889e-14
      64.625 4.636536e-14
    64.65625 5.2205324e-14
     64.6875 5.3417875e-14
    64.71875 3.3331028e-14
       64.75 5.2537977e-14
    64.78125 6.3038137e-14
     64.8125 5.9336752e-14
    64.84375 4.8265845e-14
      64.875 3.5058917e-14
    64.90625 4.9278866e-14
     64.9375 5.115443e-14
    64.96875 4.3704993e-14
          65 4.768768e-14
    65.03125 5.7606609e-14
     65.0625 5.3573221e-14
    65.09375 5.0085705e-14
      65.125 5.4262042e-14
    65.15625 5.2602914e-14
     65.1875 5.6774531e-14
    65.21875 5.2694191e-14
       65.25 4.904209e-14
    65.28125 4.4437805e-14
     65.3125 6.7090647e-14
    65.34375 7.4819186e-14
      65.375 5.9235684e-14
    65.40625 4.4122498e-14
     65.4375 4.6475753e-14
    65.46875 5.2168309e-14
        65.5 5.4605368e-14
    65.53125 5.1112733e-14
     65.5625 4.1561023e-14
    65.59375 4.1351122e-14
      65.625 4.4991046e-14
    65.65625 4.9215477e-14
     65.6875 4.555927e-14
    65.71875 2.8314863e-14
       65.75 3.3220903e-14
    65.78125 4.2698602e-14
     65.8125 3.9421577e-14
    65.84375 4.1687509e-14
      65.875 3.3064141e-14
    65.90625 3.6584044e-14
     65.9375 4.3500631e-14
    65.96875 3.568045e-14
          66 1.9180009e-14
    66.03125 2.2493671e-14
     66.0625 3.9681386e-14
    66.09375 3.9464525e-14
      66.125 3.1156454e-14
    66.15625 2.9921862e-14
     66.1875 3.2921826e-14
    66.21875 4.0426135e-14
       66.25 3.6841136e-14
    66.28125 4.109525e-14
     66.3125 5.0680265e-14
    66.34375 5.0293012e-14
      66.375 3.7586199e-14
    66.40625 3.3070399e-14
     66.4375 3.6264011e-14
    66.46875 2.5781409e-14
        66.5 2.5410282e-14
    66.53125 3.8770578e-14
     66.5625 3.6437863e-14
    66.59375 3.0540966e-14
      66.625 3.4795975e-14
    66.65625 3.2725365e-14
     66.6875 3.3660581e-14
    66.71875 3.8955272e-14
       66.75 3.447397e-14
    66.78125 2.7238943e-14
     66.8125 3.0547203e-14
    66.84375 3.8677473e-14
      66.875 4.9242474e-14
    66.90625 4.1748167e-14
     66.9375 3.0616843e-14
    66.96875 3.0218361e-14
          67 3.445687e-14
    67.03125 2.8884799e-14
     67.0625 3.0180174e-14
    67.09375 3.4052114e-14
      67.125 4.2243112e-14
    67.15625 4.2488382e-14
     67.1875 3.8113701e-14
    67.21875 3.7151539e-14
       67.25 3.7371358e-14
    67.28125 4.4811055e-14
     67.3125 3.5075739e-14
    67.34375 2.8035357e-14
      67.375 3.1178331e-14
    67.40625 2.7439661e-14
     67.4375 2.1429869e-14
    67.46875 2.2880471e-14
        67.5 2.8578339e-14
    67.53125 2.714418e-14
     67.5625 2.840121e-14
    67.59375 3.4431957e-14
      67.625 3.4233026e-14
    67.65625 2.8430207e-14
     67.6875 2.2043209e-14
    67.71875 2.7782328e-14
       67.75 3.3686673e-14
    67.78125 3.2193578e-14
     67.8125 3.0990205e-14
    67.84375 3.2087736e-14
      67.875 3.7776246e-14
    67.90625 2.7413862e-14
     67.9375 3.0845813e-14
    67.96875 3.4392929e-14
          68 3.6671671e-14
    68.03125 3.0385572e-14
     68.0625 2.9755556e-14
    68.09375 3.1781462e-14
      68.125 2.9018017e-14
    68.15625 3.1103165e-14
     68.1875 3.2808385e-14
    68.21875 2.9128616e-14
       68.25 2.5490269e-14
    68.28125 3.1184189e-14
     68.3125 3.1515413e-14
    68.34375 2.2057475e-14
      68.375 2.2948567e-14
    68.40625 3.2549609e-14
     68.4375 3.167417e-14
    68.46875 2.9113576e-14
        68.5 3.1620631e-14
    68.53125 2.5236298e-14
     68.5625 1.4468808e-14
    68.59375 2.5644646e-14
      68.625 3.1468985e-14
    68.65625 3.7722802e-14
     68.6875 3.5957453e-14
    68.71875 2.3419021e-14
       68.75 2.9161955e-14
    68.78125 3.1385471e-14
     68.8125 2.4941702e-14
    68.84375 1.7835646e-14
      68.875 2.7654436e-14
    68.90625 3.5815741e-14
     68.9375 2.868121e-14
    68.96875 2.5547257e-14
          69 2.5413772e-14
    69.03125 2.3889356e-14
     69.0625 2.7548859e-14
    69.09375 2.5216801e-14
      69.125 2.4233187e-14
    69.15625 2.4280133e-14
     69.1875 2.5682381e-14
    69.21875 2.9857878e-14
       69.25 2.8473599e-14
    69.28125 2.1287263e-14
     69.3125 1.8326656e-14
    69.34375 2.0284913e-14
      69.375 1.758807e-14
    69.40625 2.0411273e-14
     69.4375 2.818927e-14
    69.46875 3.4024609e-14
        69.5 3.2889771e-14
    69.53125 2.4750677e-14
     69.5625 2.2264246e-14
    69.59375 2.5892806e-14
      69.625 2.3545217e-14
    69.65625 3.001365e-14
     69.6875 2.5055883e-14
    69.71875 2.7116603e-14
       69.75 2.5538685e-14
    69.78125 2.4770911e-14
     69.8125 3.0163741e-14
    69.84375 3.2269655e-14
      69.875 2.786438e-14
    69.90625 2.7282684e-14
     69.9375 2.7317732e-14
    69.96875 2.6724926e-14
          70 2.7378834e-14
    70.03125 2.4888401e-14
     70.0625 2.4434968e-14
    70.09375 2.5108247e-14
      70.125 2.8915062e-14
    70.15625 2.9283738e-14
     70.1875  2.84613e-14
    70.21875 3.046645e-14
       70.25 2.749418e-14
    70.28125 1.9045371e-14
     70.3125 1.9005693e-14
    70.34375 2.3083421e-14
      70.375 2.3632841e-14
    70.40625 2.3139498e-14
     70.4375 2.415358e-14
    70.46875 3.2949609e-14
        70.5 3.3334382e-14
    70.53125 3.1368066e-14
     70.5625 2.1267037e-14
    70.59375 1.8024827e-14
      70.625 2.1399459e-14
    70.65625 1.9840464e-14
     70.6875 2.1715411e-14
    70.71875 2.4424678e-14
       70.75 2.7720302e-14
    70.78125 3.2645842e-14
     70.8125 2.3395582e-14
    70.84375 2.3901176e-14
      70.875 2.785178e-14
    70.90625 2.6878019e-14
     70.9375 2.3366466e-14
    70.96875 2.993779e-14
          71 2.9505634e-14
    71.03125 2.8439731e-14
     71.0625 2.3032555e-14
    71.09375 2.6181204e-14
      71.125 2.4594681e-14
    71.15625 2.4572145e-14
     71.1875 1.8341828e-14
    71.21875 2.4559429e-14
       71.25 2.5331428e-14
    71.28125 2.1143318e-14
     71.3125 1.7895092e-14
    71.34375 1.6077615e-14
      71.375 1.7810226e-14
    71.40625 2.3520482e-14
     71.4375 2.1837429e-14
    71.46875 2.2685401e-14
        71.5 2.0248809e-14
    71.53125 2.0959283e-14
     71.5625 2.0648081e-14
    71.59375 2.3997573e-14
      71.625 2.4012163e-14
    71.65625 2.3337286e-14
     71.6875 1.8323909e-14
    71.71875 1.6024056e-14
       71.75 1.4924236e-14
    71.78125 1.7134106e-14
     71.8125 2.3102525e-14
    71.84375 2.6343868e-14
      71.875 2.6026097e-14
    71.90625 2.2211443e-14
     71.9375 2.7959975e-14
    71.96875 2.808374e-14
          72 2.4508643e-14
    72.03125 2.5710071e-14
     72.0625 2.224655e-14
    72.09375 1.882391e-14
      72.125 2.2054055e-14
    72.15625 2.0172161e-14
     72.1875 2.061471e-14
    72.21875 1.6368032e-14
       72.25 2.2802583e-14
    72.28125 2.5922215e-14
     72.3125 2.4419802e-14
    72.34375 2.2494329e-14
      72.375 2.425964e-14
    72.40625 2.277656e-14
     72.4375 1.7638108e-14
    72.46875 1.8056333e-14
        72.5 1.8249945e-14
    72.53125 2.3850091e-14
     72.5625 2.7778305e-14
    72.59375 2.8500616e-14
      72.625 2.9522117e-14
    72.65625 2.7423583e-14
     72.6875 2.3982686e-14
    72.71875 2.3810589e-14
       72.75 2.3002259e-14
    72.78125 2.6613111e-14
     72.8125 2.3148076e-14
    72.84375 2.5801261e-14
      72.875 2.4055907e-14
    72.90625 1.9024226e-14
     72.9375 2.0469915e-14
    72.96875 2.2413136e-14
          73 1.9797549e-14
    73.03125 2.0117082e-14
     73.0625 2.4347078e-14
    73.09375 2.2629659e-14
      73.125 2.3611504e-14
    73.15625 2.2727332e-14
     73.1875 1.711094e-14
    73.21875 1.8794241e-14
       73.25 1.9870898e-14
    73.28125 2.3441351e-14
     73.3125 2.199072e-14
    73.34375 1.7827357e-14
      73.375 1.9598127e-14
    73.40625 2.3703617e-14
     73.4375 2.2759331e-14
    73.46875 1.9313513e-14
        73.5 2.2316296e-14
    73.53125 1.9479566e-14
     73.5625 2.0474892e-14
    73.59375 2.4304089e-14
      73.625 2.5938134e-14
    73.65625 3.1387799e-14
     73.6875 2.4800752e-14
    73.71875 2.0290954e-14
       73.75 2.7834958e-14
    73.78125 2.582514e-14
     73.8125 2.2185345e-14
    73.84375 2.7809196e-14
      73.875 3.6100558e-14
    73.90625 3.2551276e-14
     73.9375 2.544539e-14
    73.96875 2.1990261e-14
          74 2.3119476e-14
    74.03125 2.7795761e-14
     74.0625 3.3490531e-14
    74.09375 2.8676883e-14
      74.125 2.4642638e-14
    74.15625 2.5209408e-14
     74.1875 2.2299508e-14
    74.21875 2.5740979e-14
       74.25 2.7034295e-14
    74.28125 3.0454399e-14
     74.3125 3.0020186e-14
    74.34375 2.5218732e-14
      74.375 1.8805861e-14
    74.40625 1.7886522e-14
     74.4375 2.0120978e-14
    74.46875 2.1407025e-14
        74.5 2.405302e-14
    74.53125 2.5228666e-14
     74.5625 2.0774713e-14
    74.59375 2.0250484e-14
      74.625 2.4089897e-14
    74.65625 2.0443015e-14
     74.6875 2.2504674e-14
    74.71875 2.5249137e-14
       74.75 1.8059225e-14
    74.78125 2.297213e-14
     74.8125 2.5279431e-14
    74.84375 2.2833482e-14
      74.875 2.2965594e-14
    74.90625 1.9882008e-14
     74.9375 1.705833e-14
    74.96875 2.0616968e-14
          75 2.5238441e-14
    75.03125 1.9123964e-14
     75.0625 1.9242966e-14
    75.09375 2.5659381e-14
      75.125 2.1134629e-14
    75.15625 2.1024583e-14
     75.1875 2.0942275e-14
    75.21875 2.6607468e-14
       75.25 2.0059273e-14
    75.28125 2.0618639e-14
     75.3125 2.2007468e-14
    75.34375 2.4690043e-14
      75.375 2.8651852e-14
    75.40625 2.9882658e-14
     75.4375 2.6242776e-14
    75.46875 3.0409123e-14
        75.5 2.7400655e-14
    75.53125 2.6898798e-14
     75.5625 2.5082346e-14
    75.59375 2.5863438e-14
      75.625 2.605143e-14
    75.65625 3.0778684e-14
     75.6875 2.7554514e-14
    75.71875 2.0180787e-14
       75.75 2.2617929e-14
    75.78125 2.2624282e-14
     75.8125 2.2608238e-14
    75.84375 3.2186466e-14
      75.875 2.7171423e-14
    75.90625 2.7127746e-14
     75.9375 3.3165517e-14
    75.96875 3.2352691e-14
          76 2.9486952e-14
    76.03125 2.5122743e-14
     76.0625 2.4393048e-14
    76.09375 2.2181313e-14
      76.125 1.7761088e-14
    76.15625 2.567851e-14
     76.1875 2.8821807e-14
    76.21875 2.2811671e-14
       76.25 2.455982e-14
    76.28125 2.5574664e-14
     76.3125 2.628938e-14
    76.34375 2.7835973e-14
      76.375 3.1162312e-14
    76.40625 2.7250283e-14
     76.4375 1.9247655e-14
    76.46875 2.313425e-14
        76.5 2.3282649e-14
    76.53125 1.9679465e-14
     76.5625 2.8788793e-14
    76.59375 3.0447829e-14
      76.625 2.8628707e-14
    76.65625 2.7073523e-14
     76.6875 2.4713159e-14
    76.71875 2.9096327e-14
       76.75 2.3934337e-14
    76.78125 2.1272868e-14
     76.8125 2.6186046e-14
    76.84375 1.7643325e-14
      76.875 2.4972744e-14
    76.90625 2.6421739e-14
     76.9375 2.5078531e-14
    76.96875 2.6251765e-14
          77 2.7953776e-14
    77.03125 2.5012556e-14
     77.0625 2.210385e-14
    77.09375 2.0620561e-14
      77.125 2.3209545e-14
    77.15625 3.2705538e-14
     77.1875 3.813982e-14
    77.21875 2.9834598e-14
       77.25 2.7119412e-14
    77.28125 2.3221771e-14
     77.3125 2.3635157e-14
    77.34375 2.6050112e-14
      77.375 2.7210618e-14
    77.40625 2.5643738e-14
     77.4375 3.047507e-14
    77.46875 2.9965291e-14
        77.5 3.4178294e-14
    77.53125 2.7812664e-14
     77.5625 2.3097787e-14
    77.59375 2.4623127e-14
      77.625 2.6850792e-14
    77.65625 2.483286e-14
     77.6875 2.644003e-14
    77.71875 2.5868076e-14
       77.75 2.4352167e-14
    77.78125 2.9468053e-14
     77.8125 3.3584331e-14
    77.84375 3.9890868e-14
      77.875 3.6324679e-14
    77.90625 3.2658365e-14
     77.9375 3.6311164e-14
    77.96875 3.6458988e-14
          78 2.4207319e-14
    78.03125 3.0591022e-14
     78.0625 2.5496163e-14
    78.09375 2.3383103e-14
      78.125 2.2795534e-14
    78.15625 2.4909635e-14
     78.1875 2.6412857e-14
    78.21875 2.152451e-14
       78.25 1.8943179e-14
    78.28125 2.6732526e-14
     78.3125 2.7101321e-14
    78.34375 2.6825727e-14
      78.375 2.9701976e-14
    78.40625 2.2289884e-14
     78.4375 2.4333149e-14
    78.46875 2.8109934e-14
        78.5 2.7924513e-14
    78.53125 2.5857663e-14
     78.5625 2.927087e-14
    78.59375 3.0276346e-14
      78.625 2.4512835e-14
    78.65625 1.9943416e-14
     78.6875 2.1815637e-14
    78.71875 2.708039e-14
       78.75 3.4188987e-14
    78.78125 3.1715438e-14
     78.8125  2.35282e-14
    78.84375 2.8588856e-14
      78.875 3.240269e-14
    78.90625 2.807754e-14
     78.9375 3.278377e-14
    78.96875 3.7858683e-14
          79 3.3227876e-14
    79.03125 2.3522576e-14
     79.0625 1.7559076e-14
    79.09375 2.4036472e-14
      79.125 3.6905646e-14
    79.15625 3.2507325e-14
     79.1875 2.7791781e-14
    79.21875 2.6858215e-14
       79.25 3.5525673e-14
    79.28125 3.0841649e-14
     79.3125 3.9911173e-14
    79.34375 3.5683435e-14
      79.375 2.5088665e-14
    79.40625 2.8864233e-14
     79.4375 3.2082708e-14
    79.46875 2.4605296e-14
        79.5 3.0364268e-14
    79.53125 2.7921208e-14
     79.5625 2.2341094e-14
    79.59375 2.9567986e-14
      79.625 3.2976433e-14
    79.65625 3.0164693e-14
     79.6875 2.3247265e-14
    79.71875 2.7270949e-14
       79.75 3.0446894e-14
    79.78125 3.1175603e-14
     79.8125 2.8138435e-14
    79.84375 2.960022e-14
      79.875 2.8893229e-14
    79.90625 3.0299768e-14
     79.9375 3.7891314e-14
    79.96875 3.5456298e-14
          80 2.8919094e-14
    80.03125 2.6715246e-14
     80.0625 3.6288331e-14
    80.09375 3.3861413e-14
      80.125 3.8087436e-14
    80.15625 3.1657528e-14
     80.1875 3.4211647e-14
    80.21875 2.906931e-14
       80.25 3.305725e-14
    80.28125 4.4828761e-14
     80.3125 4.4355538e-14
    80.34375 3.408279e-14
      80.375 2.4628027e-14
    80.40625 3.1267994e-14
     80.4375 3.3656878e-14
    80.46875 3.4161371e-14
        80.5 3.1096585e-14
    80.53125 3.0482927e-14
     80.5625 3.0565936e-14
    80.59375 2.7355142e-14
      80.625 2.8425453e-14
    80.65625 3.319265e-14
     80.6875 3.1052509e-14
    80.71875 2.6321884e-14
       80.75 2.656175e-14
    80.78125 2.9161894e-14
     80.8125 2.9916706e-14
    80.84375 3.4297425e-14
      80.875 3.1361131e-14
    80.90625 3.0512044e-14
     80.9375 3.4690837e-14
    80.96875 3.8371673e-14
          81 3.0982046e-14
    81.03125 1.9616119e-14
     81.0625 2.450145e-14
    81.09375 2.8277245e-14
      81.125 3.0433131e-14
    81.15625 3.872036e-14
     81.1875 3.6940222e-14
    81.21875 3.3981583e-14
       81.25 3.4809398e-14
    81.28125 3.3788825e-14
     81.3125 3.0300459e-14
    81.34375 3.1524357e-14
      81.375 2.6431827e-14
    81.40625 2.8073662e-14
     81.4375 3.1562057e-14
    81.46875 3.1949239e-14
        81.5 3.2226287e-14
    81.53125 3.321907e-14
     81.5625 3.0241092e-14
    81.59375 3.3370499e-14
      81.625 3.9748298e-14
    81.65625 3.4266853e-14
     81.6875 3.6071152e-14
    81.71875 4.3152398e-14
       81.75 2.6645666e-14
    81.78125 2.5891878e-14
     81.8125 2.8395995e-14
    81.84375 2.8088815e-14
      81.875 2.5714133e-14
    81.90625 3.5007008e-14
     81.9375 3.6031487e-14
    81.96875 3.6999846e-14
          82 3.6749429e-14
    82.03125 4.0725097e-14
     82.0625 3.788836e-14
    82.09375 3.4402728e-14
      82.125 3.9425369e-14
    82.15625 3.3865123e-14
     82.1875 3.7723148e-14
    82.21875 3.0344796e-14
       82.25 3.0464753e-14
    82.28125 2.9693706e-14
     82.3125 2.9094931e-14
    82.34375 3.068532e-14
      82.375 3.8426117e-14
    82.40625 3.5570105e-14
     82.4375 3.3733307e-14
    82.46875 3.3702645e-14
        82.5 3.6463454e-14
    82.53125 3.6331171e-14
     82.5625 3.3182865e-14
    82.59375 3.0428087e-14
      82.625 3.8778618e-14
    82.65625 3.5056017e-14
     82.6875 2.4367142e-14
    82.71875 2.8714241e-14
       82.75 3.592902e-14
    82.78125    3.584e-14
     82.8125 2.8700119e-14
    82.84375 2.8494978e-14
      82.875 3.0839087e-14
    82.90625 2.8168204e-14
     82.9375 3.2793291e-14
    82.96875 3.5808646e-14
          83 3.6392459e-14
    83.03125 3.431652e-14
     83.0625 2.7492755e-14
    83.09375 3.2633323e-14
      83.125 3.8513829e-14
    83.15625 3.5107337e-14
     83.1875 2.7330565e-14
    83.21875 2.7690649e-14
       83.25 3.4240152e-14
    83.28125 3.6950809e-14
     83.3125 3.2463859e-14
    83.34375 2.9066569e-14
      83.375 3.1685453e-14
    83.40625 3.115748e-14
     83.4375 2.8159941e-14
    83.46875 2.6333678e-14
        83.5 2.6716966e-14
    83.53125 2.621154e-14
     83.5625 2.4590012e-14
    83.59375 2.7137318e-14
      83.625 2.8599993e-14
    83.65625 2.9083378e-14
     83.6875 2.6531903e-14
    83.71875 3.4476724e-14
       83.75 3.0470445e-14
    83.78125 3.5243272e-14
     83.8125 3.5730459e-14
    83.84375 3.5064514e-14
      83.875 4.1710711e-14
    83.90625 4.5682543e-14
     83.9375 4.4430517e-14
    83.96875 3.5071026e-14
          84 2.9839141e-14
    84.03125 3.1427518e-14
     84.0625 2.2123018e-14
    84.09375 2.9808275e-14
      84.125 2.9264131e-14
    84.15625 3.0828547e-14
     84.1875 3.3719016e-14
    84.21875 3.4469359e-14
       84.25 2.2328549e-14
    84.28125 2.6093999e-14
     84.3125 3.5899645e-14
    84.34375 3.7286861e-14
      84.375 3.2639358e-14
    84.40625 3.1940857e-14
     84.4375 3.9566535e-14
    84.46875 4.2107295e-14
        84.5 3.1042172e-14
    84.53125 2.8484098e-14
     84.5625 3.3099459e-14
    84.59375 2.5552462e-14
      84.625 2.3235445e-14
    84.65625 3.653845e-14
     84.6875 3.320709e-14
    84.71875 2.4485451e-14
       84.75 3.1621244e-14
    84.78125 3.111809e-14
     84.8125 3.5010237e-14
    84.84375 3.3753673e-14
      84.875 2.7399801e-14
    84.90625 2.1988714e-14
     84.9375 2.4910937e-14
    84.96875 3.270833e-14
          85 2.5498262e-14
    85.03125 2.9597103e-14
     85.0625 3.6145915e-14
    85.09375 3.4217539e-14
      85.125 2.9731155e-14
    85.15625  2.71991e-14
     85.1875 3.5003247e-14
    85.21875 4.4581567e-14
       85.25 4.0777128e-14
    85.28125 2.9166048e-14
     85.3125 2.3842636e-14
    85.34375 2.7777492e-14
      85.375 3.4211427e-14
    85.40625 3.5235917e-14
     85.4375 3.3014522e-14
    85.46875 2.9809891e-14
        85.5 3.0259503e-14
    85.53125 3.1530463e-14
     85.5625 3.3044632e-14
    85.59375 3.5673402e-14
      85.625 3.1519546e-14
    85.65625 3.4562136e-14
     85.6875 3.4307565e-14
    85.71875 3.3039743e-14
       85.75 3.8265188e-14
    85.78125 4.0959874e-14
     85.8125 3.7937247e-14
    85.84375 3.3621374e-14
      85.875 2.8335348e-14
    85.90625 3.4823381e-14
     85.9375 3.9810616e-14
    85.96875 3.260281e-14
          86 3.1537469e-14
    86.03125 3.0995426e-14
     86.0625 2.7180505e-14
    86.09375 2.8795173e-14
      86.125 3.0825491e-14
    86.15625 2.7657872e-14
     86.1875 3.1567437e-14
    86.21875 2.9206279e-14
       86.25 4.047573e-14
    86.28125 2.9630392e-14
     86.3125 2.7518838e-14
    86.34375 2.6552152e-14
      86.375 3.4864442e-14
    86.40625 3.9841658e-14
     86.4375 3.9290765e-14
    86.46875 3.2333375e-14
        86.5 2.9936611e-14
    86.53125 2.9318585e-14
     86.5625 3.1551025e-14
    86.59375 3.5583658e-14
      86.625 3.2356947e-14
    86.65625 3.7132762e-14
     86.6875 3.1699449e-14
    86.71875 2.836035e-14
       86.75 2.9252933e-14
    86.78125 4.1504747e-14
     86.8125 3.7827407e-14
    86.84375 2.8528165e-14
      86.875 3.4676147e-14
    86.90625 3.9212852e-14
     86.9375 3.2063175e-14
    86.96875 2.6824215e-14
          87 3.1363004e-14
    87.03125 4.1827995e-14
     87.0625 3.8590049e-14
    87.09375 3.4562634e-14
      87.125 3.2881206e-14
    87.15625 3.0735041e-14
     87.1875 3.1483086e-14
    87.21875 3.3786067e-14
       87.25 3.451229e-14
    87.28125 3.3496721e-14
     87.3125 3.5165732e-14
    87.34375 2.1477913e-14
      87.375 2.4368906e-14
    87.40625 2.7771837e-14
     87.4375 2.8275225e-14
    87.46875 3.0305375e-14
        87.5 3.1674099e-14
    87.53125 2.8649128e-14
     87.5625 2.7778308e-14
    87.59375 2.694947e-14
      87.625 2.4060862e-14
    87.65625 3.7214616e-14
     87.6875 4.2917855e-14
    87.71875 3.1251721e-14
       87.75 2.350359e-14
    87.78125 2.9985824e-14
     87.8125 4.0137937e-14
    87.84375 4.9206153e-14
      87.875 3.9513941e-14
    87.90625 3.8938569e-14
     87.9375 3.7407513e-14
    87.96875 3.3183095e-14
          88 3.0205449e-14
    88.03125 2.9072885e-14
     88.0625 1.8629212e-14
    88.09375 2.7955152e-14
      88.125 3.2491106e-14
    88.15625 3.8379368e-14
     88.1875 3.604733e-14
    88.21875 2.8015274e-14
       88.25 3.2110975e-14
    88.28125 3.461905e-14
     88.3125 3.5693626e-14
    88.34375 3.2536321e-14
      88.375 3.0874693e-14
    88.40625 3.7425809e-14
     88.4375 3.5045084e-14
    88.46875 2.9482283e-14
        88.5 2.8787543e-14
    88.53125 3.6008943e-14
     88.5625 3.9307936e-14
    88.59375 3.6495634e-14
      88.625 3.7135737e-14
    88.65625 3.6597963e-14
     88.6875 2.9690799e-14
    88.71875 2.765823e-14
       88.75 2.0970994e-14
    88.78125 2.4106781e-14
     88.8125 3.6541476e-14
    88.84375 3.624684e-14
      88.875 3.3887027e-14
    88.90625 2.9360307e-14
     88.9375 2.9477123e-14
    88.96875 3.4632053e-14
          89 3.4044385e-14
    89.03125 3.2903669e-14
     89.0625 3.5634212e-14
    89.09375 4.2903608e-14
      89.125 3.9169965e-14
    89.15625 4.2296136e-14
     89.1875 3.8945846e-14
    89.21875 3.8186742e-14
       89.25 4.5777452e-14
    89.28125 3.5298333e-14
     89.3125 3.7610956e-14
    89.34375 3.3653168e-14
      89.375 3.4649431e-14
    89.40625 2.9046301e-14
     89.4375 3.4917422e-14
    89.46875 4.1708248e-14
        89.5 3.255045e-14
    89.53125 3.728001e-14
     89.5625 3.6360695e-14
    89.59375 3.5158132e-14
      89.625 3.7446588e-14
    89.65625  4.82771e-14
     89.6875 3.5210685e-14
    89.71875 3.1074891e-14
       89.75 3.863755e-14
    89.78125 3.4903958e-14
     89.8125 3.2518066e-14
    89.84375 6.8402335e-14
      89.875 8.8524891e-14
    89.90625 4.3155414e-14
     89.9375 3.0130222e-14
    89.96875 3.8400323e-14
          90 4.0375648e-14
    90.03125 2.6889762e-14
     90.0625 4.7696134e-14
    90.09375 7.4094573e-14
      90.125 5.4987458e-14
    90.15625 3.9887161e-14
     90.1875 3.0836329e-14
    90.21875 2.3693475e-14
       90.25 2.0034304e-14
    90.28125 3.1971547e-14
     90.3125  3.07317e-14
    90.34375 2.1390641e-14
      90.375 3.3866732e-14
    90.40625 3.5533567e-14
     90.4375 2.8905613e-14
    90.46875 2.986666e-14
        90.5 2.9290413e-14
    90.53125 2.5566878e-14
     90.5625 2.8561324e-14
    90.59375 3.3918218e-14
      90.625 3.1249603e-14
    90.65625 2.6844897e-14
     90.6875 3.2973248e-14
    90.71875 2.7468492e-14
       90.75 3.6448858e-14
    90.78125 3.5547581e-14
     90.8125 3.7661108e-14
    90.84375 3.8417816e-14
      90.875 3.3634326e-14
    90.90625 3.0826477e-14
     90.9375 2.9757799e-14
    90.96875 2.7865149e-14
          91 2.5582438e-14
    91.03125 2.4970352e-14
     91.0625 2.560174e-14
    91.09375 2.8763199e-14
      91.125 3.2285887e-14
    91.15625 4.1728248e-14
     91.1875 3.5881427e-14
    91.21875 3.2241306e-14
       91.25 3.6077346e-14
    91.28125 3.2045584e-14
     91.3125 3.1432945e-14
    91.34375 2.9457299e-14
      91.375 2.6334891e-14
    91.40625 2.6397113e-14
     91.4375 3.3789222e-14
    91.46875 2.2519201e-14
        91.5 2.1968736e-14
    91.53125 3.057318e-14
     91.5625 3.6204692e-14
    91.59375 3.2284569e-14
      91.625 3.7466815e-14
    91.65625 3.395998e-14
     91.6875 3.7300353e-14
    91.71875 3.6849098e-14
       91.75 2.5563929e-14
    91.78125 3.283798e-14
     91.8125 3.5203652e-14
    91.84375 4.1329157e-14
      91.875 3.5715551e-14
    91.90625 3.3754409e-14
     91.9375 4.1936581e-14
    91.96875 3.8312737e-14
          92 3.5274253e-14
    92.03125 3.3032496e-14
     92.0625 2.2779672e-14
    92.09375 2.3100828e-14
      92.125 2.9845158e-14
    92.15625 3.8940327e-14
     92.1875 3.9854245e-14
    92.21875 3.9515828e-14
       92.25 4.4072754e-14
    92.28125 3.4738505e-14
     92.3125 3.2682427e-14
    92.34375 3.7543055e-14
      92.375 2.9406114e-14
    92.40625 2.4173937e-14
     92.4375 2.5192667e-14
    92.46875 2.800195e-14
        92.5 4.0362628e-14
    92.53125 3.3112256e-14
     92.5625 2.6180863e-14
    92.59375 2.2894841e-14
      92.625 2.6928761e-14
    92.65625 2.4516469e-14
     92.6875 1.9030349e-14
    92.71875 2.0497183e-14
       92.75 2.6188793e-14
    92.78125 2.6660808e-14
     92.8125 2.8004522e-14
    92.84375 2.5108594e-14
      92.875 2.8758256e-14
    92.90625 2.7530563e-14
     92.9375 1.8050806e-14
    92.96875 2.2961517e-14
          93 2.4267114e-14
    93.03125 1.9977177e-14
     93.0625 2.234045e-14
    93.09375 2.6891572e-14
      93.125 2.1168905e-14
    93.15625 2.6138886e-14
     93.1875 2.5138989e-14
    93.21875 3.0438356e-14
       93.25 3.5912151e-14
    93.28125 2.8384581e-14
     93.3125 2.1006254e-14
    93.34375 3.0432637e-14
      93.375 2.4547831e-14
    93.40625 2.1839166e-14
     93.4375 2.4951332e-14
    93.46875 2.6268711e-14
        93.5 3.3667191e-14
    93.53125 3.3249157e-14
     93.5625 2.3898313e-14
    93.59375 2.6417685e-14
      93.625 2.8591133e-14
    93.65625 2.8327928e-14
     93.6875 2.6388114e-14
    93.71875 2.411565e-14
       93.75 2.8455418e-14
    93.78125 2.7004918e-14
     93.8125 3.3306596e-14
    93.84375 2.9304575e-14
      93.875 2.4173699e-14
    93.90625 2.9859968e-14
     93.9375 3.2065574e-14
    93.96875 2.6834581e-14
          94 3.0639032e-14
    94.03125 2.7235868e-14
     94.0625 2.6335516e-14
    94.09375 3.9601826e-14
      94.125 2.9966003e-14
    94.15625 3.1154705e-14
     94.1875 3.1024974e-14
    94.21875 2.5634122e-14
       94.25 3.153176e-14
    94.28125 3.2761096e-14
     94.3125 3.3998283e-14
    94.34375 3.1824312e-14
      94.375 2.8691171e-14
    94.40625 3.3250834e-14
     94.4375 2.6968652e-14
    94.46875 2.5637702e-14
        94.5 3.377532e-14
    94.53125 3.8414774e-14
     94.5625 4.6228748e-14
    94.59375 3.8759025e-14
      94.625 2.7183945e-14
    94.65625 2.6867468e-14
     94.6875 2.9764192e-14
    94.71875 3.169908e-14
       94.75 3.0424898e-14
    94.78125 2.9226557e-14
     94.8125 2.3945799e-14
    94.84375 2.4084138e-14
      94.875 3.4841315e-14
    94.90625 3.4702693e-14
     94.9375 3.0767279e-14
    94.96875 3.6857748e-14
          95 3.4420444e-14
    95.03125 2.4326729e-14
     95.0625 2.9994968e-14
    95.09375 3.7254132e-14
      95.125 3.5775385e-14
    95.15625 2.6055389e-14
     95.1875 2.2979409e-14
    95.21875 3.1717914e-14
       95.25 3.0742509e-14
    95.28125 2.1985209e-14
     95.3125 2.5597459e-14
    95.34375 2.6629374e-14
      95.375 2.146752e-14
    95.40625 2.9471536e-14
     95.4375 3.0862428e-14
    95.46875 3.6140233e-14
        95.5 3.0368361e-14
    95.53125 3.0561193e-14
     95.5625 2.4989588e-14
    95.59375 2.2624331e-14
      95.625 2.4208559e-14
    95.65625 3.5024308e-14
     95.6875 4.0414432e-14
    95.71875 3.8178326e-14
       95.75 3.002086e-14
    95.78125 2.8226641e-14
     95.8125 2.695824e-14
    95.84375 3.4293084e-14
      95.875 2.4543288e-14
    95.90625 2.7572591e-14
     95.9375 3.2423371e-14
    95.96875 2.6784171e-14
          96 2.8649195e-14
    96.03125 2.6652429e-14
     96.0625 3.7043349e-14
    96.09375 4.1158191e-14
      96.125 3.6766509e-14
    96.15625 2.753318e-14
     96.1875 2.8286506e-14
    96.21875 3.0385837e-14
       96.25 2.3090598e-14
    96.28125 2.6491647e-14
     96.3125 2.143004e-14
    96.34375 3.3906576e-14
      96.375 3.1496198e-14
    96.40625 2.5047554e-14
     96.4375 2.6327193e-14
    96.46875 2.576555e-14
        96.5 3.0303725e-14
    96.53125 2.9203456e-14
     96.5625 2.5592011e-14
    96.59375 2.5787777e-14
      96.625 2.6431218e-14
    96.65625 2.7212651e-14
     96.6875 3.0727184e-14
    96.71875 2.8086681e-14
       96.75 2.5405437e-14
    96.78125 2.3591206e-14
     96.8125 3.0223077e-14
    96.84375 2.955361e-14
      96.875 2.7061264e-14
    96.90625 2.7969133e-14
     96.9375 3.449008e-14
    96.96875 3.5391229e-14
          97 2.8919826e-14
    97.03125 2.4395562e-14
     97.0625 2.4679972e-14
    97.09375 2.9112732e-14
      97.125 3.144083e-14
    97.15625 2.9392565e-14
     97.1875 2.5068567e-14
    97.21875 2.3452592e-14
       97.25 2.4720164e-14
    97.28125 2.4831498e-14
     97.3125 2.3027233e-14
    97.34375 2.7950353e-14
      97.375 3.0241987e-14
    97.40625 3.0159126e-14
     97.4375 2.7684513e-14
    97.46875 2.8661189e-14
        97.5 3.1454301e-14
    97.53125 2.8750358e-14
     97.5625 2.1058774e-14
    97.59375 2.875171e-14
      97.625 2.8426866e-14
    97.65625 2.272453e-14
     97.6875 2.9425237e-14
    97.71875 2.9708529e-14
       97.75 3.2698755e-14
    97.78125 3.2498428e-14
     97.8125 2.1282004e-14
    97.84375 2.0608312e-14
      97.875  3.37353e-14
    97.90625 3.2832556e-14
     97.9375 3.3569288e-14
    97.96875 3.5724699e-14
          98 3.0880077e-14
    98.03125 2.8778968e-14
     98.0625 2.2558907e-14
    98.09375 2.0257142e-14
      98.125 2.542822e-14
    98.15625 2.5457679e-14
     98.1875 2.7294066e-14
    98.21875 3.8016695e-14
       98.25 2.7250691e-14
    98.28125 3.3005882e-14
     98.3125 2.9842085e-14
    98.34375 3.2270146e-14
      98.375 2.5070722e-14
    98.40625 2.9101145e-14
     98.4375 3.6618403e-14
    98.46875 3.7668158e-14
        98.5 3.9804775e-14
    98.53125 3.4653175e-14
     98.5625 3.2431323e-14
    98.59375 3.981685e-14
      98.625 3.4566652e-14
    98.65625 3.7392107e-14
     98.6875 3.7390613e-14
    98.71875 4.3056484e-14
       98.75 3.8249284e-14
    98.78125 3.609635e-14
     98.8125 3.5531037e-14
    98.84375 3.2392502e-14
      98.875 3.7168341e-14
    98.90625 3.4355799e-14
     98.9375 3.6192684e-14
    98.96875 3.7873171e-14
          99 2.3536647e-14
    99.03125 2.9983086e-14
     99.0625 2.7204454e-14
    99.09375 3.659902e-14
      99.125 3.8390383e-14
    99.15625 4.0074714e-14
     99.1875 2.6731284e-14
    99.21875 2.3429274e-14
       99.25 2.7997158e-14
    99.28125 3.3078619e-14
     99.3125 3.572995e-14
    99.34375 3.7338988e-14
      99.375 3.2531737e-14
    99.40625 3.6228836e-14
     99.4375 3.4700744e-14
    99.46875 3.8726194e-14
        99.5 2.9540264e-14
    99.53125 2.0144027e-14
     99.5625 1.9686765e-14
    99.59375 2.6863716e-14
      99.625 3.2833389e-14
    99.65625 3.2043673e-14
     99.6875 2.7153886e-14
    99.71875 2.4072656e-14
       99.75 2.1787349e-14
    99.78125 2.5736244e-14
     99.8125 2.4515121e-14
    99.84375 2.3646809e-14
      99.875 2.4443119e-14
    99.90625 3.0482503e-14
     99.9375 2.5707733e-14
    99.96875 2.6040315e-14
         100 3.0706838e-14