   1.0000000e-01   8.8499045e-09
   1.0070000e-01   8.8477500e-09
   1.0140000e-01   8.8455685e-09
   1.0210000e-01   8.8433595e-09
   1.0280000e-01   8.8411230e-09
   1.0350000e-01   8.8388588e-09
   1.0420000e-01   8.8365664e-09
   1.0500000e-01   8.8342456e-09
   1.0570000e-01   8.8318952e-09
   1.0640000e-01   8.8295165e-09
   1.0720000e-01   8.8271081e-09
   1.0790000e-01   8.8246693e-09
   1.0870000e-01   8.8222008e-09
   1.0940000e-01   8.8197012e-09
   1.1020000e-01   8.8171711e-09
   1.1090000e-01   8.8146100e-09
   1.1170000e-01   8.8120170e-09
   1.1250000e-01   8.8093923e-09
   1.1330000e-01   8.8067349e-09
   1.1400000e-01   8.8040451e-09
   1.1480000e-01   8.8013220e-09
   1.1560000e-01   8.7985657e-09
   1.1640000e-01   8.7957755e-09
   1.1720000e-01   8.7929513e-09
   1.1810000e-01   8.7900925e-09
   1.1890000e-01   8.7871990e-09
   1.1970000e-01   8.7842702e-09
   1.2050000e-01   8.7813053e-09
   1.2140000e-01   8.7783050e-09
   1.2220000e-01   8.7752680e-09
   1.2310000e-01   8.7721942e-09
   1.2390000e-01   8.7690829e-09
   1.2480000e-01   8.7659342e-09
   1.2560000e-01   8.7626426e-09
   1.2650000e-01   8.7589331e-09
   1.2740000e-01   8.7547852e-09
   1.2830000e-01   8.7501940e-09
   1.2920000e-01   8.7451558e-09
   1.3010000e-01   8.7396645e-09
   1.3100000e-01   8.7337163e-09
   1.3190000e-01   8.7273063e-09
   1.3280000e-01   8.7204290e-09
   1.3370000e-01   8.7130815e-09
   1.3460000e-01   8.7052573e-09
   1.3560000e-01   8.6969524e-09
   1.3650000e-01   8.6881630e-09
   1.3740000e-01   8.6788844e-09
   1.3840000e-01   8.6691115e-09
   1.3940000e-01   8.6588400e-09
   1.4030000e-01   8.6480665e-09
   1.4130000e-01   8.6367861e-09
   1.4230000e-01   8.6249944e-09
   1.4330000e-01   8.6126886e-09
   1.4430000e-01   8.5998631e-09
   1.4530000e-01   8.5865143e-09
   1.4630000e-01   8.5726395e-09
   1.4730000e-01   8.5582343e-09
   1.4830000e-01   8.5432945e-09
   1.4930000e-01   8.5278174e-09
   1.5040000e-01   8.5117993e-09
   1.5140000e-01   8.4952367e-09
   1.5250000e-01   8.4781262e-09
   1.5350000e-01   8.4604655e-09
   1.5460000e-01   8.4422511e-09
   1.5570000e-01   8.4234802e-09
   1.5670000e-01   8.4041501e-09
   1.5780000e-01   8.3842591e-09
   1.5890000e-01   8.3638040e-09
   1.6000000e-01   8.3427824e-09
   1.6110000e-01   8.3211930e-09
   1.6230000e-01   8.2990337e-09
   1.6340000e-01   8.2763023e-09
   1.6450000e-01   8.2529982e-09
   1.6570000e-01   8.2291199e-09
   1.6680000e-01   8.2046660e-09
   1.6800000e-01   8.1796359e-09
   1.6910000e-01   8.1540287e-09
   1.7030000e-01   8.1278446e-09
   1.7150000e-01   8.1010827e-09
   1.7270000e-01   8.0737438e-09
   1.7390000e-01   8.0458272e-09
   1.7510000e-01   8.0173351e-09
   1.7630000e-01   7.9882673e-09
   1.7750000e-01   7.9586247e-09
   1.7880000e-01   7.9284093e-09
   1.8000000e-01   7.8976233e-09
   1.8120000e-01   7.8662688e-09
   1.8250000e-01   7.8343472e-09
   1.8380000e-01   7.8018627e-09
   1.8500000e-01   7.7688167e-09
   1.8630000e-01   7.7352150e-09
   1.8760000e-01   7.7010596e-09
   1.8890000e-01   7.6663556e-09
   1.9020000e-01   7.6311070e-09
   1.9160000e-01   7.5953203e-09
   1.9290000e-01   7.5589998e-09
   1.9420000e-01   7.5221517e-09
   1.9560000e-01   7.4847833e-09
   1.9690000e-01   7.4469007e-09
   1.9830000e-01   7.4085119e-09
   1.9970000e-01   7.3696246e-09
   2.0100000e-01   7.3302472e-09
   2.0240000e-01   7.2903883e-09
   2.0380000e-01   7.2500585e-09
   2.0530000e-01   7.2092676e-09
   2.0670000e-01   7.1680256e-09
   2.0810000e-01   7.1263452e-09
   2.0960000e-01   7.0842370e-09
   2.1100000e-01   7.0417147e-09
   2.1250000e-01   6.9987911e-09
   2.1400000e-01   6.9554805e-09
   2.1540000e-01   6.9117976e-09
   2.1690000e-01   6.8677577e-09
   2.1840000e-01   6.8233772e-09
   2.2000000e-01   6.7786731e-09
   2.2150000e-01   6.7336633e-09
   2.2300000e-01   6.6883662e-09
   2.2460000e-01   6.6428015e-09
   2.2610000e-01   6.5969896e-09
   2.2770000e-01   6.5509516e-09
   2.2930000e-01   6.5047099e-09
   2.3090000e-01   6.4582876e-09
   2.3250000e-01   6.4117089e-09
   2.3410000e-01   6.3649989e-09
   2.3570000e-01   6.3181839e-09
   2.3730000e-01   6.2712911e-09
   2.3900000e-01   6.2243489e-09
   2.4060000e-01   6.1773869e-09
   2.4230000e-01   6.1304356e-09
   2.4400000e-01   6.0835271e-09
   2.4570000e-01   6.0366945e-09
   2.4740000e-01   5.9899720e-09
   2.4910000e-01   5.9433955e-09
   2.5080000e-01   5.8967952e-09
   2.5260000e-01   5.8488875e-09
   2.5430000e-01   5.7994550e-09
   2.5610000e-01   5.7485118e-09
   2.5790000e-01   5.6960732e-09
   2.5970000e-01   5.6421558e-09
   2.6150000e-01   5.5867778e-09
   2.6330000e-01   5.5299585e-09
   2.6510000e-01   5.4717190e-09
   2.6690000e-01   5.4120817e-09
   2.6880000e-01   5.3510709e-09
   2.7070000e-01   5.2887122e-09
   2.7250000e-01   5.2250329e-09
   2.7440000e-01   5.1600625e-09
   2.7630000e-01   5.0938316e-09
   2.7830000e-01   5.0263732e-09
   2.8020000e-01   4.9577220e-09
   2.8210000e-01   4.8879147e-09
   2.8410000e-01   4.8169902e-09
   2.8610000e-01   4.7449891e-09
   2.8800000e-01   4.6719545e-09
   2.9000000e-01   4.5979317e-09
   2.9210000e-01   4.5229681e-09
   2.9410000e-01   4.4471136e-09
   2.9610000e-01   4.3704208e-09
   2.9820000e-01   4.2929442e-09
   3.0020000e-01   4.2147415e-09
   3.0230000e-01   4.1358727e-09
   3.0440000e-01   4.0564006e-09
   3.0650000e-01   3.9763910e-09
   3.0870000e-01   3.8959124e-09
   3.1080000e-01   3.8150365e-09
   3.1300000e-01   3.7338378e-09
   3.1510000e-01   3.6523941e-09
   3.1730000e-01   3.5707867e-09
   3.1950000e-01   3.4891000e-09
   3.2170000e-01   3.4074218e-09
   3.2400000e-01   3.3258437e-09
   3.2620000e-01   3.2444607e-09
   3.2850000e-01   3.1633718e-09
   3.3080000e-01   3.0826796e-09
   3.3310000e-01   3.0024910e-09
   3.3540000e-01   2.9229167e-09
   3.3770000e-01   2.8440717e-09
   3.4000000e-01   2.7660754e-09
   3.4240000e-01   2.6890516e-09
   3.4480000e-01   2.6131285e-09
   3.4720000e-01   2.5384392e-09
   3.4960000e-01   2.4651216e-09
   3.5200000e-01   2.3933184e-09
   3.5440000e-01   2.3231776e-09
   3.5690000e-01   2.2548522e-09
   3.5940000e-01   2.1885008e-09
   3.6190000e-01   2.1242874e-09
   3.6440000e-01   2.0623816e-09
   3.6690000e-01   2.0029589e-09
   3.6950000e-01   1.9462008e-09
   3.7200000e-01   1.8922950e-09
   3.7460000e-01   1.8414352e-09
   3.7720000e-01   1.7924849e-09
   3.7980000e-01   1.7432124e-09
   3.8250000e-01   1.6936149e-09
   3.8510000e-01   1.6437343e-09
   3.8780000e-01   1.5936143e-09
   3.9050000e-01   1.5433001e-09
   3.9320000e-01   1.4928393e-09
   3.9590000e-01   1.4422812e-09
   3.9870000e-01   1.3916774e-09
   4.0140000e-01   1.3410813e-09
   4.0420000e-01   1.2905484e-09
   4.0700000e-01   1.2401370e-09
   4.0980000e-01   1.1899071e-09
   4.1270000e-01   1.1399211e-09
   4.1550000e-01   1.0902442e-09
   4.1840000e-01   1.0409439e-09
   4.2130000e-01   9.9208998e-10
   4.2430000e-01   9.4375520e-10
   4.2720000e-01   8.9601488e-10
   4.3020000e-01   8.4894710e-10
   4.3310000e-01   8.0263288e-10
   4.3620000e-01   7.5715601e-10
   4.3920000e-01   7.1260348e-10
   4.4220000e-01   6.6906529e-10
   4.4530000e-01   6.2663456e-10
   4.4840000e-01   5.8540775e-10
   4.5150000e-01   5.4548465e-10
   4.5460000e-01   5.0696850e-10
   4.5780000e-01   4.6996608e-10
   4.6100000e-01   4.3458779e-10
   4.6420000e-01   4.0094777e-10
   4.6740000e-01   3.6916400e-10
   4.7060000e-01   3.3935838e-10
   4.7390000e-01   3.1165688e-10
   4.7720000e-01   2.8618955e-10
   4.8050000e-01   2.6309079e-10
   4.8380000e-01   2.4249928e-10
   4.8720000e-01   2.2455826e-10
   4.9060000e-01   2.0941551e-10
   4.9400000e-01   1.9722358e-10
   4.9740000e-01   1.8813987e-10
   5.0080000e-01   1.8222847e-10
   5.0430000e-01   1.7733755e-10
   5.0780000e-01   1.7253260e-10
   5.1130000e-01   1.6781701e-10
   5.1490000e-01   1.6319426e-10
   5.1850000e-01   1.5866795e-10
   5.2210000e-01   1.5424170e-10
   5.2570000e-01   1.4991931e-10
   5.2930000e-01   1.4570461e-10
   5.3300000e-01   1.4160154e-10
   5.3670000e-01   1.3761417e-10
   5.4040000e-01   1.3374663e-10
   5.4420000e-01   1.3000318e-10
   5.4790000e-01   1.2638817e-10
   5.5170000e-01   1.2290608e-10
   5.5560000e-01   1.1956147e-10
   5.5940000e-01   1.1635903e-10
   5.6330000e-01   1.1330358e-10
   5.6720000e-01   1.1040002e-10
   5.7120000e-01   1.0765342e-10
   5.7510000e-01   1.0506893e-10
   5.7910000e-01   1.0265184e-10
   5.8310000e-01   1.0040758e-10
   5.8720000e-01   9.8341710e-11
   5.9130000e-01   9.6459915e-11
   5.9540000e-01   9.4768028e-11
   5.9950000e-01   9.3272016e-11
   6.0360000e-01   9.1977996e-11
   6.0780000e-01   9.0892227e-11
   6.1200000e-01   9.0021128e-11
   6.1630000e-01   8.9371261e-11
   6.2060000e-01   8.8949352e-11
   6.2490000e-01   8.8762287e-11
   6.2920000e-01   8.8704064e-11
   6.3360000e-01   8.8650812e-11
   6.3800000e-01   8.8602170e-11
   6.4240000e-01   8.8557855e-11
   6.4690000e-01   8.8517578e-11
   6.5130000e-01   8.8481021e-11
   6.5590000e-01   8.8447865e-11
   6.6040000e-01   8.8417763e-11
   6.6500000e-01   8.8390356e-11
   6.6960000e-01   8.8365268e-11
   6.7430000e-01   8.8342110e-11
   6.7890000e-01   8.8320465e-11
   6.8370000e-01   8.8299917e-11
   6.8840000e-01   8.8280019e-11
   6.9320000e-01   8.8260291e-11
   6.9800000e-01   8.8240258e-11
   7.0280000e-01   8.8219413e-11
   7.0770000e-01   8.8197224e-11
   7.1260000e-01   8.8173147e-11
   7.1760000e-01   8.8146609e-11
   7.2250000e-01   8.8117017e-11
   7.2750000e-01   8.8083740e-11
   7.3260000e-01   8.8046157e-11
   7.3770000e-01   8.8003590e-11
   7.4280000e-01   8.7955344e-11
   7.4800000e-01   8.7900699e-11
   7.5310000e-01   8.7834195e-11
   7.5840000e-01   8.7737272e-11
   7.6360000e-01   8.7610191e-11
   7.6890000e-01   8.7455412e-11
   7.7430000e-01   8.7275524e-11
   7.7960000e-01   8.7073228e-11
   7.8500000e-01   8.6851359e-11
   7.9050000e-01   8.6612887e-11
   7.9600000e-01   8.6360896e-11
   8.0150000e-01   8.6098630e-11
   8.0710000e-01   8.5829470e-11
   8.1270000e-01   8.5556929e-11
   8.1830000e-01   8.5284679e-11
   8.2400000e-01   8.5016566e-11
   8.2970000e-01   8.4756562e-11
   8.3550000e-01   8.4508828e-11
   8.4120000e-01   8.4277681e-11
   8.4710000e-01   8.4067621e-11
   8.5300000e-01   8.3883314e-11
   8.5890000e-01   8.3729617e-11
   8.6480000e-01   8.3611580e-11
   8.7080000e-01   8.3534449e-11
   8.7690000e-01   8.3501229e-11
   8.8300000e-01   8.3480171e-11
   8.8910000e-01   8.3459891e-11
   8.9530000e-01   8.3440417e-11
   9.0150000e-01   8.3421785e-11
   9.0770000e-01   8.3404044e-11
   9.1400000e-01   8.3387222e-11
   9.2040000e-01   8.3371361e-11
   9.2680000e-01   8.3356498e-11
   9.3320000e-01   8.3342688e-11
   9.3970000e-01   8.3329960e-11
   9.4620000e-01   8.3318364e-11
   9.5280000e-01   8.3307948e-11
   9.5940000e-01   8.3298756e-11
   9.6600000e-01   8.3290836e-11
   9.7270000e-01   8.3284239e-11
   9.7950000e-01   8.3279013e-11
   9.8630000e-01   8.3275209e-11
   9.9310000e-01   8.3272890e-11
   1.0000000e+00   8.3272105e-11
   1.0070000e+00   8.3281113e-11
   1.0140000e+00   8.3306986e-11
   1.0210000e+00   8.3347928e-11
   1.0280000e+00   8.3402064e-11
   1.0350000e+00   8.3467436e-11
   1.0420000e+00   8.3541986e-11
   1.0500000e+00   8.3623579e-11
   1.0570000e+00   8.3709974e-11
   1.0640000e+00   8.3798836e-11
   1.0720000e+00   8.3887733e-11
   1.0790000e+00   8.3974120e-11
   1.0870000e+00   8.4055367e-11
   1.0940000e+00   8.4128715e-11
   1.1020000e+00   8.4191294e-11
   1.1090000e+00   8.4240127e-11
   1.1170000e+00   8.4272124e-11
   1.1250000e+00   8.4284052e-11
   1.1330000e+00   8.4269592e-11
   1.1400000e+00   8.4225306e-11
   1.1480000e+00   8.4153103e-11
   1.1560000e+00   8.4054985e-11
   1.1640000e+00   8.3933052e-11
   1.1720000e+00   8.3789502e-11
   1.1810000e+00   8.3626648e-11
   1.1890000e+00   8.3446902e-11
   1.1970000e+00   8.3252794e-11
   1.2050000e+00   8.3046955e-11
   1.2140000e+00   8.2832157e-11
   1.2220000e+00   8.2611271e-11
   1.2310000e+00   8.2387295e-11
   1.2390000e+00   8.2163376e-11
   1.2480000e+00   8.1942772e-11
   1.2560000e+00   8.1718620e-11
   1.2650000e+00   8.1467151e-11
   1.2740000e+00   8.1189923e-11
   1.2830000e+00   8.0890032e-11
   1.2920000e+00   8.0570738e-11
   1.3010000e+00   8.0235421e-11
   1.3100000e+00   7.9887637e-11
   1.3190000e+00   7.9531079e-11
   1.3280000e+00   7.9169613e-11
   1.3370000e+00   7.8807270e-11
   1.3460000e+00   7.8448244e-11
   1.3560000e+00   7.8096910e-11
   1.3650000e+00   7.7757825e-11
   1.3740000e+00   7.7435723e-11
   1.3840000e+00   7.7125904e-11
   1.3940000e+00   7.6818263e-11
   1.4030000e+00   7.6512687e-11
   1.4130000e+00   7.6209084e-11
   1.4230000e+00   7.5907368e-11
   1.4330000e+00   7.5607428e-11
   1.4430000e+00   7.5309156e-11
   1.4530000e+00   7.5012440e-11
   1.4630000e+00   7.4717166e-11
   1.4730000e+00   7.4423208e-11
   1.4830000e+00   7.4130423e-11
   1.4930000e+00   7.3838685e-11
   1.5040000e+00   7.3545193e-11
   1.5140000e+00   7.3223311e-11
   1.5250000e+00   7.2874128e-11
   1.5350000e+00   7.2508080e-11
   1.5460000e+00   7.2136043e-11
   1.5570000e+00   7.1769380e-11
   1.5670000e+00   7.1419899e-11
   1.5780000e+00   7.1099926e-11
   1.5890000e+00   7.0822274e-11
   1.6000000e+00   7.0600297e-11
   1.6110000e+00   7.0447860e-11
   1.6230000e+00   7.0379392e-11
   1.6340000e+00   7.0382562e-11
   1.6450000e+00   7.0403990e-11
   1.6570000e+00   7.0439008e-11
   1.6680000e+00   7.0484714e-11
   1.6800000e+00   7.0538081e-11
   1.6910000e+00   7.0595946e-11
   1.7030000e+00   7.0655011e-11
   1.7150000e+00   7.0711838e-11
   1.7270000e+00   7.0762848e-11
   1.7390000e+00   7.0804299e-11
   1.7510000e+00   7.0832364e-11
   1.7630000e+00   7.0853464e-11
   1.7750000e+00   7.0874197e-11
   1.7880000e+00   7.0894158e-11
   1.8000000e+00   7.0912932e-11
   1.8120000e+00   7.0930072e-11
   1.8250000e+00   7.0945134e-11
   1.8380000e+00   7.0957635e-11
   1.8500000e+00   7.0967089e-11
   1.8630000e+00   7.0972986e-11
   1.8760000e+00   7.0974464e-11
   1.8890000e+00   7.0926119e-11
   1.9020000e+00   7.0804101e-11
   1.9160000e+00   7.0620099e-11
   1.9290000e+00   7.0386353e-11
   1.9420000e+00   7.0115631e-11
   1.9560000e+00   6.9821270e-11
   1.9690000e+00   6.9517178e-11
   1.9830000e+00   6.9217861e-11
   1.9970000e+00   6.8938435e-11
   2.0100000e+00   6.8679292e-11
   2.0240000e+00   6.8411902e-11
   2.0380000e+00   6.8135402e-11
   2.0530000e+00   6.7850381e-11
   2.0670000e+00   6.7557460e-11
   2.0810000e+00   6.7257287e-11
   2.0960000e+00   6.6950544e-11
   2.1100000e+00   6.6637943e-11
   2.1250000e+00   6.6320228e-11
   2.1400000e+00   6.5993488e-11
   2.1540000e+00   6.5654606e-11
   2.1690000e+00   6.5305931e-11
   2.1840000e+00   6.4949919e-11
   2.2000000e+00   6.4589132e-11
   2.2150000e+00   6.4226242e-11
   2.2300000e+00   6.3864035e-11
   2.2460000e+00   6.3505416e-11
   2.2610000e+00   6.3147503e-11
   2.2770000e+00   6.2778789e-11
   2.2930000e+00   6.2404047e-11
   2.3090000e+00   6.2029185e-11
   2.3250000e+00   6.1660363e-11
   2.3410000e+00   6.1303996e-11
   2.3570000e+00   6.0966762e-11
   2.3730000e+00   6.0655614e-11
   2.3900000e+00   6.0348799e-11
   2.4060000e+00   6.0019703e-11
   2.4230000e+00   5.9688585e-11
   2.4400000e+00   5.9376923e-11
   2.4570000e+00   5.9107092e-11
   2.4740000e+00   5.8902394e-11
   2.4910000e+00   5.8787080e-11
   2.5080000e+00   5.8778938e-11
   2.5260000e+00   5.8842606e-11
   2.5430000e+00   5.8958982e-11
   2.5610000e+00   5.9115053e-11
   2.5790000e+00   5.9297237e-11
   2.5970000e+00   5.9491360e-11
   2.6150000e+00   5.9682644e-11
   2.6330000e+00   5.9860637e-11
   2.6510000e+00   6.0052922e-11
   2.6690000e+00   6.0261987e-11
   2.6880000e+00   6.0481946e-11
   2.7070000e+00   6.0706658e-11
   2.7250000e+00   6.0929718e-11
   2.7440000e+00   6.1144453e-11
   2.7630000e+00   6.1346957e-11
   2.7830000e+00   6.1543387e-11
   2.8020000e+00   6.1736470e-11
   2.8210000e+00   6.1928625e-11
   2.8410000e+00   6.2122375e-11
   2.8610000e+00   6.2320347e-11
   2.8800000e+00   6.2525798e-11
   2.9000000e+00   6.2747901e-11
   2.9210000e+00   6.2981750e-11
   2.9410000e+00   6.3217306e-11
   2.9610000e+00   6.3444105e-11
   2.9820000e+00   6.3651244e-11
   3.0020000e+00   6.3827602e-11
   3.0230000e+00   6.3983606e-11
   3.0440000e+00   6.4129654e-11
   3.0650000e+00   6.4264725e-11
   3.0870000e+00   6.4387763e-11
   3.1080000e+00   6.4497675e-11
   3.1300000e+00   6.4593836e-11
   3.1510000e+00   6.4688265e-11
   3.1730000e+00   6.4780977e-11
   3.1950000e+00   6.4864303e-11
   3.2170000e+00   6.4930255e-11
   3.2400000e+00   6.4970516e-11
   3.2620000e+00   6.4982159e-11
   3.2850000e+00   6.4988862e-11
   3.3080000e+00   6.4994259e-11
   3.3310000e+00   6.4998228e-11
   3.3540000e+00   6.5000645e-11
   3.3770000e+00   6.5000391e-11
   3.4000000e+00   6.4853738e-11
   3.4240000e+00   6.4511788e-11
   3.4480000e+00   6.4054097e-11
   3.4720000e+00   6.3563651e-11
   3.4960000e+00   6.3126971e-11
   3.5200000e+00   6.2756539e-11
   3.5440000e+00   6.2364651e-11
   3.5690000e+00   6.1981731e-11
   3.5940000e+00   6.1642790e-11
   3.6190000e+00   6.1384293e-11
   3.6440000e+00   6.1223631e-11
   3.6690000e+00   6.1114636e-11
   3.6950000e+00   6.1025632e-11
   3.7200000e+00   6.0925230e-11
   3.7460000e+00   6.0780717e-11
   3.7720000e+00   6.0512000e-11
   3.7980000e+00   6.0071209e-11
   3.8250000e+00   5.9542798e-11
   3.8510000e+00   5.9016869e-11
   3.8780000e+00   5.8585841e-11
   3.9050000e+00   5.8180971e-11
   3.9320000e+00   5.7767942e-11
   3.9590000e+00   5.7418811e-11
   3.9870000e+00   5.7208651e-11
   4.0140000e+00   5.7230165e-11
   4.0420000e+00   5.7560327e-11
   4.0700000e+00   5.8073375e-11
   4.0980000e+00   5.8615455e-11
   4.1270000e+00   5.9026882e-11
   4.1550000e+00   5.9355673e-11
   4.1840000e+00   5.9679702e-11
   4.2130000e+00   5.9939724e-11
   4.2430000e+00   6.0074017e-11
   4.2720000e+00   6.0012638e-11
   4.3020000e+00   5.9743981e-11
   4.3310000e+00   5.9336324e-11
   4.3620000e+00   5.8863088e-11
   4.3920000e+00   5.8347184e-11
   4.4220000e+00   5.7627516e-11
   4.4530000e+00   5.6801780e-11
   4.4840000e+00   5.6009700e-11
   4.5150000e+00   5.5366785e-11
   4.5460000e+00   5.4779334e-11
   4.5780000e+00   5.4237338e-11
   4.6100000e+00   5.3760853e-11
   4.6420000e+00   5.3349125e-11
   4.6740000e+00   5.2928716e-11
   4.7060000e+00   5.2569514e-11
   4.7390000e+00   5.2366538e-11
   4.7720000e+00   5.2365513e-11
   4.8050000e+00   5.2437464e-11
   4.8380000e+00   5.2554134e-11
   4.8720000e+00   5.2698271e-11
   4.9060000e+00   5.2987067e-11
   4.9400000e+00   5.3463473e-11
   4.9740000e+00   5.3884672e-11
   5.0080000e+00   5.4011179e-11
   5.0430000e+00   5.4006531e-11
   5.0780000e+00   5.3995784e-11
   5.1130000e+00   5.3979140e-11
   5.1490000e+00   5.3872918e-11
   5.1850000e+00   5.3503993e-11
   5.2210000e+00   5.3056704e-11
   5.2570000e+00   5.2741403e-11
   5.2930000e+00   5.2504690e-11
   5.3300000e+00   5.2303181e-11
   5.3670000e+00   5.2197990e-11
   5.4040000e+00   5.2208712e-11
   5.4420000e+00   5.2256306e-11
   5.4790000e+00   5.2311600e-11
   5.5170000e+00   5.2352152e-11
   5.5560000e+00   5.2391805e-11
   5.5940000e+00   5.2423209e-11
   5.6330000e+00   5.2416931e-11
   5.6720000e+00   5.1992091e-11
   5.7120000e+00   5.1259347e-11
   5.7510000e+00   5.0597377e-11
   5.7910000e+00   5.0012621e-11
   5.8310000e+00   4.9456134e-11
   5.8720000e+00   4.9182640e-11
   5.9130000e+00   4.9264397e-11
   5.9540000e+00   4.9471682e-11
   5.9950000e+00   4.9681332e-11
   6.0360000e+00   4.9852805e-11
   6.0780000e+00   5.0022973e-11
   6.1200000e+00   5.0110862e-11
   6.1630000e+00   5.0072939e-11
   6.2060000e+00   4.9964058e-11
   6.2490000e+00   4.9830948e-11
   6.2920000e+00   4.9630309e-11
   6.3360000e+00   4.9390649e-11
   6.3800000e+00   4.9293131e-11
   6.4240000e+00   4.9500748e-11
   6.4690000e+00   4.9810067e-11
   6.5130000e+00   4.9901852e-11
   6.5590000e+00   4.9822988e-11
   6.6040000e+00   4.9696676e-11
   6.6500000e+00   4.9571912e-11
   6.6960000e+00   4.9427103e-11
   6.7430000e+00   4.9275159e-11
   6.7890000e+00   4.9117501e-11
   6.8370000e+00   4.8956644e-11
   6.8840000e+00   4.8844124e-11
   6.9320000e+00   4.8787879e-11
   6.9800000e+00   4.8732640e-11
   7.0280000e+00   4.8562614e-11
   7.0770000e+00   4.8171949e-11
   7.1260000e+00   4.7951483e-11
   7.1760000e+00   4.8059667e-11
   7.2250000e+00   4.8334670e-11
   7.2750000e+00   4.8905417e-11
   7.3260000e+00   5.0378231e-11
   7.3770000e+00   5.1736512e-11
   7.4280000e+00   5.2598397e-11
   7.4800000e+00   5.3267451e-11
   7.5310000e+00   5.3691882e-11
   7.5840000e+00   5.4015209e-11
   7.6360000e+00   5.4107126e-11
   7.6890000e+00   5.3922081e-11
   7.7430000e+00   5.3591395e-11
   7.7960000e+00   5.3119870e-11
   7.8500000e+00   5.2418155e-11
   7.9050000e+00   5.1581146e-11
   7.9600000e+00   5.0524016e-11
   8.0150000e+00   4.9371192e-11
   8.0710000e+00   4.7924724e-11
   8.1270000e+00   4.7003301e-11
   8.1830000e+00   4.6741153e-11
   8.2400000e+00   4.6615856e-11
   8.2970000e+00   4.7146217e-11
   8.3550000e+00   4.8508575e-11
   8.4120000e+00   4.9793921e-11
   8.4710000e+00   5.1064122e-11
   8.5300000e+00   5.1251031e-11
   8.5890000e+00   5.1008716e-11
   8.6480000e+00   5.0632107e-11
   8.7080000e+00   4.9950339e-11
   8.7690000e+00   4.9565776e-11
   8.8300000e+00   4.9446019e-11
   8.8910000e+00   4.9283478e-11
   8.9530000e+00   4.9283478e-11
   9.0150000e+00   4.9283478e-11
   9.0770000e+00   4.9283478e-11
   9.1400000e+00   4.9283478e-11
   9.2040000e+00   4.9283478e-11
   9.2680000e+00   4.9283478e-11
   9.3320000e+00   4.9283478e-11
   9.3970000e+00   4.9283478e-11
   9.4620000e+00   4.9283478e-11
   9.5280000e+00   4.9283478e-11
   9.5940000e+00   4.9283478e-11
   9.6600000e+00   4.9283478e-11
   9.7270000e+00   4.9283478e-11
   9.7950000e+00   4.9283478e-11
   9.8630000e+00   4.9283478e-11
   9.9310000e+00   4.9283478e-11
   1.0000000e+01   4.9283478e-11
   1.0070000e+01   4.9283478e-11
   1.0140000e+01   4.9283478e-11
   1.0210000e+01   4.9283478e-11
   1.0280000e+01   4.9283478e-11
   1.0350000e+01   4.9283478e-11
   1.0420000e+01   4.9283478e-11
   1.0500000e+01   4.9283478e-11
   1.0570000e+01   4.9283478e-11
   1.0640000e+01   4.9283478e-11
   1.0720000e+01   4.9283478e-11
   1.0790000e+01   4.9283478e-11
   1.0870000e+01   4.9283478e-11
   1.0940000e+01   4.9283478e-11
   1.1020000e+01   4.9283478e-11
   1.1090000e+01   4.9283478e-11
   1.1170000e+01   4.9283478e-11
   1.1250000e+01   4.9283478e-11
   1.1330000e+01   4.9283478e-11
   1.1400000e+01   4.9283478e-11
   1.1480000e+01   4.9283478e-11
   1.1560000e+01   4.9283478e-11
   1.1640000e+01   4.9283478e-11
   1.1720000e+01   4.9283478e-11
   1.1810000e+01   4.9283478e-11
   1.1890000e+01   4.9283478e-11
   1.1970000e+01   4.9283478e-11
   1.2050000e+01   4.9283478e-11
   1.2140000e+01   4.9283478e-11
   1.2220000e+01   4.9283478e-11
   1.2310000e+01   4.9283478e-11
   1.2390000e+01   4.9283478e-11
   1.2480000e+01   4.9283478e-11
   1.2560000e+01   4.9283478e-11
   1.2650000e+01   4.9283478e-11
   1.2740000e+01   4.9283478e-11
   1.2830000e+01   4.9283478e-11
   1.2920000e+01   4.9283478e-11
   1.3010000e+01   4.9283478e-11
   1.3100000e+01   4.9283478e-11
   1.3190000e+01   4.9283478e-11
   1.3280000e+01   4.9283478e-11
   1.3370000e+01   4.9283478e-11
   1.3460000e+01   4.9283478e-11
   1.3560000e+01   4.9283478e-11
   1.3650000e+01   4.9283478e-11
   1.3740000e+01   4.9283478e-11
   1.3840000e+01   4.9283478e-11
   1.3940000e+01   4.9283478e-11
   1.4030000e+01   4.9283478e-11
   1.4130000e+01   4.9283478e-11
   1.4230000e+01   4.9283478e-11
   1.4330000e+01   4.9283478e-11
   1.4430000e+01   4.9283478e-11
   1.4530000e+01   4.9283478e-11
   1.4630000e+01   4.9283478e-11
   1.4730000e+01   4.9283478e-11
   1.4830000e+01   4.9283478e-11
   1.4930000e+01   4.9283478e-11
   1.5040000e+01   4.9283478e-11
   1.5140000e+01   4.9283478e-11
   1.5250000e+01   4.9283478e-11
   1.5350000e+01   4.9283478e-11
   1.5460000e+01   4.9283478e-11
   1.5570000e+01   4.9283478e-11
   1.5670000e+01   4.9283478e-11
   1.5780000e+01   4.9283478e-11
   1.5890000e+01   4.9283478e-11
   1.6000000e+01   4.9283478e-11
   1.6110000e+01   4.9283478e-11
   1.6230000e+01   4.9283478e-11
   1.6340000e+01   4.9283478e-11
   1.6450000e+01   4.9283478e-11
   1.6570000e+01   4.9283478e-11
   1.6680000e+01   4.9283478e-11
   1.6800000e+01   4.9283478e-11
   1.6910000e+01   4.9283478e-11
   1.7030000e+01   4.9283478e-11
   1.7150000e+01   4.9283478e-11
   1.7270000e+01   4.9283478e-11
   1.7390000e+01   4.9283478e-11
   1.7510000e+01   4.9283478e-11
   1.7630000e+01   4.9283478e-11
   1.7750000e+01   4.9283478e-11
   1.7880000e+01   4.9283478e-11
   1.8000000e+01   4.9283478e-11
   1.8120000e+01   4.9283478e-11
   1.8250000e+01   4.9283478e-11
   1.8380000e+01   4.9283478e-11
   1.8500000e+01   4.9283478e-11
   1.8630000e+01   4.9283478e-11
   1.8760000e+01   4.9283478e-11
   1.8890000e+01   4.9283478e-11
   1.9020000e+01   4.9283478e-11
   1.9160000e+01   4.9283478e-11
   1.9290000e+01   4.9283478e-11
   1.9420000e+01   4.9283478e-11
   1.9560000e+01   4.9283478e-11
   1.9690000e+01   4.9283478e-11
   1.9830000e+01   4.9283478e-11
   1.9970000e+01   4.9283478e-11
   2.0100000e+01   4.9283478e-11
   2.0240000e+01   4.9283478e-11
   2.0380000e+01   4.9283478e-11
   2.0530000e+01   4.9283478e-11
   2.0670000e+01   4.9283478e-11
   2.0810000e+01   4.9283478e-11
   2.0960000e+01   4.9283478e-11
   2.1100000e+01   4.9283478e-11
   2.1250000e+01   4.9283478e-11
   2.1400000e+01   4.9283478e-11
   2.1540000e+01   4.9283478e-11
   2.1690000e+01   4.9283478e-11
   2.1840000e+01   4.9283478e-11
   2.2000000e+01   4.9283478e-11
   2.2150000e+01   4.9283478e-11
   2.2300000e+01   4.9283478e-11
   2.2460000e+01   4.9283478e-11
   2.2610000e+01   4.9283478e-11
   2.2770000e+01   4.9283478e-11
   2.2930000e+01   4.9283478e-11
   2.3090000e+01   4.9283478e-11
   2.3250000e+01   4.9283478e-11
   2.3410000e+01   4.9283478e-11
   2.3570000e+01   4.9283478e-11
   2.3730000e+01   4.9283478e-11
   2.3900000e+01   4.9283478e-11
   2.4060000e+01   4.9283478e-11
   2.4230000e+01   4.9283478e-11
   2.4400000e+01   4.9283478e-11
   2.4570000e+01   4.9283478e-11
   2.4740000e+01   4.9283478e-11
   2.4910000e+01   4.9283478e-11
   2.5080000e+01   4.9283478e-11
   2.5260000e+01   4.9283478e-11
   2.5430000e+01   4.9283478e-11
   2.5610000e+01   4.9283478e-11
   2.5790000e+01   4.9283478e-11
   2.5970000e+01   4.9283478e-11
   2.6150000e+01   4.9283478e-11
   2.6330000e+01   4.9283478e-11
   2.6510000e+01   4.9283478e-11
   2.6690000e+01   4.9283478e-11
   2.6880000e+01   4.9283478e-11
   2.7070000e+01   4.9283478e-11
   2.7250000e+01   4.9283478e-11
   2.7440000e+01   4.9283478e-11
   2.7630000e+01   4.9283478e-11
   2.7830000e+01   4.9283478e-11
   2.8020000e+01   4.9283478e-11
   2.8210000e+01   4.9283478e-11
   2.8410000e+01   4.9283478e-11
   2.8610000e+01   4.9283478e-11
   2.8800000e+01   4.9283478e-11
   2.9000000e+01   4.9283478e-11
   2.9210000e+01   4.9283478e-11
   2.9410000e+01   4.9283478e-11
   2.9610000e+01   4.9283478e-11
   2.9820000e+01   4.9283478e-11
   3.0020000e+01   4.9283478e-11
   3.0230000e+01   4.9283478e-11
   3.0440000e+01   4.9283478e-11
   3.0650000e+01   4.9283478e-11
   3.0870000e+01   4.9283478e-11
   3.1080000e+01   4.9283478e-11
   3.1300000e+01   4.9283478e-11
   3.1510000e+01   4.9283478e-11
   3.1730000e+01   4.9283478e-11
   3.1950000e+01   4.9283478e-11
   3.2170000e+01   4.9283478e-11
   3.2400000e+01   4.9283478e-11
   3.2620000e+01   4.9283478e-11
   3.2850000e+01   4.9283478e-11
   3.3080000e+01   4.9283478e-11
   3.3310000e+01   4.9283478e-11
   3.3540000e+01   4.9283478e-11
   3.3770000e+01   4.9283478e-11
   3.4000000e+01   4.9283478e-11
   3.4240000e+01   4.9283478e-11
   3.4480000e+01   4.9283478e-11
   3.4720000e+01   4.9283478e-11
   3.4960000e+01   4.9283478e-11
   3.5200000e+01   4.9283478e-11
   3.5440000e+01   4.9283478e-11
   3.5690000e+01   4.9283478e-11
   3.5940000e+01   4.9283478e-11
   3.6190000e+01   4.9283478e-11
   3.6440000e+01   4.9283478e-11
   3.6690000e+01   4.9283478e-11
   3.6950000e+01   4.9283478e-11
   3.7200000e+01   4.9283478e-11
   3.7460000e+01   4.9283478e-11
   3.7720000e+01   4.9283478e-11
   3.7980000e+01   4.9283478e-11
   3.8250000e+01   4.9283478e-11
   3.8510000e+01   4.9283478e-11
   3.8780000e+01   4.9283478e-11
   3.9050000e+01   4.9283478e-11
   3.9320000e+01   4.9283478e-11
   3.9590000e+01   4.9283478e-11
   3.9870000e+01   4.9283478e-11
   4.0140000e+01   4.9283478e-11
   4.0420000e+01   4.9283478e-11
   4.0700000e+01   4.9283478e-11
   4.0980000e+01   4.9283478e-11
   4.1270000e+01   4.9283478e-11
   4.1550000e+01   4.9283478e-11
   4.1840000e+01   4.9283478e-11
   4.2130000e+01   4.9283478e-11
   4.2430000e+01   4.9283478e-11
   4.2720000e+01   4.9283478e-11
   4.3020000e+01   4.9283478e-11
   4.3310000e+01   4.9283478e-11
   4.3620000e+01   4.9283478e-11
   4.3920000e+01   4.9283478e-11
   4.4220000e+01   4.9283478e-11
   4.4530000e+01   4.9283478e-11
   4.4840000e+01   4.9283478e-11
   4.5150000e+01   4.9283478e-11
   4.5460000e+01   4.9283478e-11
   4.5780000e+01   4.9283478e-11
   4.6100000e+01   4.9283478e-11
   4.6420000e+01   4.9283478e-11
   4.6740000e+01   4.9283478e-11
   4.7060000e+01   4.9283478e-11
   4.7390000e+01   4.9283478e-11
   4.7720000e+01   4.9283478e-11
   4.8050000e+01   4.9283478e-11
   4.8380000e+01   4.9283478e-11
   4.8720000e+01   4.9283478e-11
   4.9060000e+01   4.9283478e-11
   4.9400000e+01   4.9283478e-11
   4.9740000e+01   4.9283478e-11
   5.0080000e+01   4.9283478e-11
   5.0430000e+01   4.9283478e-11
   5.0780000e+01   4.9283478e-11
   5.1130000e+01   4.9283478e-11
   5.1490000e+01   4.9283478e-11
   5.1850000e+01   4.9283478e-11
   5.2210000e+01   4.9283478e-11
   5.2570000e+01   4.9283478e-11
   5.2930000e+01   4.9283478e-11
   5.3300000e+01   4.9283478e-11
   5.3670000e+01   4.9283478e-11
   5.4040000e+01   4.9283478e-11
   5.4420000e+01   4.9283478e-11
   5.4790000e+01   4.9283478e-11
   5.5170000e+01   4.9283478e-11
   5.5560000e+01   4.9283478e-11
   5.5940000e+01   4.9283478e-11
   5.6330000e+01   4.9283478e-11
   5.6720000e+01   4.9283478e-11
   5.7120000e+01   4.9283478e-11
   5.7510000e+01   4.9283478e-11
   5.7910000e+01   4.9283478e-11
   5.8310000e+01   4.9283478e-11
   5.8720000e+01   4.9283478e-11
   5.9130000e+01   4.9283478e-11
   5.9540000e+01   4.9283478e-11
   5.9950000e+01   4.9283478e-11
   6.0360000e+01   4.9283478e-11
   6.0780000e+01   4.9283478e-11
   6.1200000e+01   4.9283478e-11
   6.1630000e+01   4.9283478e-11
   6.2060000e+01   4.9283478e-11
   6.2490000e+01   4.9283478e-11
   6.2920000e+01   4.9283478e-11
   6.3360000e+01   4.9283478e-11
   6.3800000e+01   4.9283478e-11
   6.4240000e+01   4.9283478e-11
   6.4690000e+01   4.9283478e-11
   6.5130000e+01   4.9283478e-11
   6.5590000e+01   4.9283478e-11
   6.6040000e+01   4.9283478e-11
   6.6500000e+01   4.9283478e-11
   6.6960000e+01   4.9283478e-11
   6.7430000e+01   4.9283478e-11
   6.7890000e+01   4.9283478e-11
   6.8370000e+01   4.9283478e-11
   6.8840000e+01   4.9283478e-11
   6.9320000e+01   4.9283478e-11
   6.9800000e+01   4.9283478e-11
   7.0280000e+01   4.9283478e-11
   7.0770000e+01   4.9283478e-11
   7.1260000e+01   4.9283478e-11
   7.1760000e+01   4.9283478e-11
   7.2250000e+01   4.9283478e-11
   7.2750000e+01   4.9283478e-11
   7.3260000e+01   4.9283478e-11
   7.3770000e+01   4.9283478e-11
   7.4280000e+01   4.9283478e-11
   7.4800000e+01   4.9283478e-11
   7.5310000e+01   4.9283478e-11
   7.5840000e+01   4.9283478e-11
   7.6360000e+01   4.9283478e-11
   7.6890000e+01   4.9283478e-11
   7.7430000e+01   4.9283478e-11
   7.7960000e+01   4.9283478e-11
   7.8500000e+01   4.9283478e-11
   7.9050000e+01   4.9283478e-11
   7.9600000e+01   4.9283478e-11
   8.0150000e+01   4.9283478e-11
   8.0710000e+01   4.9283478e-11
   8.1270000e+01   4.9283478e-11
   8.1830000e+01   4.9283478e-11
   8.2400000e+01   4.9283478e-11
   8.2970000e+01   4.9283478e-11
   8.3550000e+01   4.9283478e-11
   8.4120000e+01   4.9283478e-11
   8.4710000e+01   4.9283478e-11
   8.5300000e+01   4.9283478e-11
   8.5890000e+01   4.9283478e-11
   8.6480000e+01   4.9283478e-11
   8.7080000e+01   4.9283478e-11
   8.7690000e+01   4.9283478e-11
   8.8300000e+01   4.9283478e-11
   8.8910000e+01   4.9283478e-11
   8.9530000e+01   4.9283478e-11
   9.0150000e+01   4.9283478e-11
   9.0770000e+01   4.9283478e-11
   9.1400000e+01   4.9283478e-11
   9.2040000e+01   4.9283478e-11
   9.2680000e+01   4.9283478e-11
   9.3320000e+01   4.9283478e-11
   9.3970000e+01   4.9283478e-11
   9.4620000e+01   4.9283478e-11
   9.5280000e+01   4.9283478e-11
   9.5940000e+01   4.9283478e-11
   9.6600000e+01   4.9283478e-11
   9.7270000e+01   4.9283478e-11
   9.7950000e+01   4.9283478e-11
   9.8630000e+01   4.9283478e-11
   9.9310000e+01   4.9283478e-11
   1.0000000e+02   4.9283478e-11
