   1.0000000e-01   1.9651117e-07
   1.0070000e-01   1.9646333e-07
   1.0140000e-01   1.9641489e-07
   1.0210000e-01   1.9636584e-07
   1.0280000e-01   1.9631617e-07
   1.0350000e-01   1.9626590e-07
   1.0420000e-01   1.9621500e-07
   1.0500000e-01   1.9616346e-07
   1.0570000e-01   1.9611127e-07
   1.0640000e-01   1.9605845e-07
   1.0720000e-01   1.9600498e-07
   1.0790000e-01   1.9595082e-07
   1.0870000e-01   1.9589601e-07
   1.0940000e-01   1.9584051e-07
   1.1020000e-01   1.9578433e-07
   1.1090000e-01   1.9572746e-07
   1.1170000e-01   1.9566988e-07
   1.1250000e-01   1.9561160e-07
   1.1330000e-01   1.9555259e-07
   1.1400000e-01   1.9549287e-07
   1.1480000e-01   1.9543240e-07
   1.1560000e-01   1.9537120e-07
   1.1640000e-01   1.9530924e-07
   1.1720000e-01   1.9524653e-07
   1.1810000e-01   1.9518305e-07
   1.1890000e-01   1.9511880e-07
   1.1970000e-01   1.9505376e-07
   1.2050000e-01   1.9498793e-07
   1.2140000e-01   1.9492131e-07
   1.2220000e-01   1.9485387e-07
   1.2310000e-01   1.9478562e-07
   1.2390000e-01   1.9471653e-07
   1.2480000e-01   1.9464662e-07
   1.2560000e-01   1.9457353e-07
   1.2650000e-01   1.9449116e-07
   1.2740000e-01   1.9439905e-07
   1.2830000e-01   1.9429711e-07
   1.2920000e-01   1.9418524e-07
   1.3010000e-01   1.9406330e-07
   1.3100000e-01   1.9393122e-07
   1.3190000e-01   1.9378889e-07
   1.3280000e-01   1.9363618e-07
   1.3370000e-01   1.9347303e-07
   1.3460000e-01   1.9329929e-07
   1.3560000e-01   1.9311488e-07
   1.3650000e-01   1.9291972e-07
   1.3740000e-01   1.9271368e-07
   1.3840000e-01   1.9249668e-07
   1.3940000e-01   1.9226860e-07
   1.4030000e-01   1.9202938e-07
   1.4130000e-01   1.9177890e-07
   1.4230000e-01   1.9151706e-07
   1.4330000e-01   1.9124381e-07
   1.4430000e-01   1.9095903e-07
   1.4530000e-01   1.9066262e-07
   1.4630000e-01   1.9035453e-07
   1.4730000e-01   1.9003466e-07
   1.4830000e-01   1.8970293e-07
   1.4930000e-01   1.8935926e-07
   1.5040000e-01   1.8900358e-07
   1.5140000e-01   1.8863581e-07
   1.5250000e-01   1.8825587e-07
   1.5350000e-01   1.8786372e-07
   1.5460000e-01   1.8745927e-07
   1.5570000e-01   1.8704246e-07
   1.5670000e-01   1.8661324e-07
   1.5780000e-01   1.8617156e-07
   1.5890000e-01   1.8571736e-07
   1.6000000e-01   1.8525058e-07
   1.6110000e-01   1.8477119e-07
   1.6230000e-01   1.8427914e-07
   1.6340000e-01   1.8377439e-07
   1.6450000e-01   1.8325693e-07
   1.6570000e-01   1.8272671e-07
   1.6680000e-01   1.8218372e-07
   1.6800000e-01   1.8162793e-07
   1.6910000e-01   1.8105932e-07
   1.7030000e-01   1.8047791e-07
   1.7150000e-01   1.7988366e-07
   1.7270000e-01   1.7927660e-07
   1.7390000e-01   1.7865672e-07
   1.7510000e-01   1.7802405e-07
   1.7630000e-01   1.7737861e-07
   1.7750000e-01   1.7672040e-07
   1.7880000e-01   1.7604947e-07
   1.8000000e-01   1.7536587e-07
   1.8120000e-01   1.7466964e-07
   1.8250000e-01   1.7396083e-07
   1.8380000e-01   1.7323951e-07
   1.8500000e-01   1.7250573e-07
   1.8630000e-01   1.7175961e-07
   1.8760000e-01   1.7100119e-07
   1.8890000e-01   1.7023059e-07
   1.9020000e-01   1.6944790e-07
   1.9160000e-01   1.6865326e-07
   1.9290000e-01   1.6784677e-07
   1.9420000e-01   1.6702856e-07
   1.9560000e-01   1.6619880e-07
   1.9690000e-01   1.6535762e-07
   1.9830000e-01   1.6450520e-07
   1.9970000e-01   1.6364171e-07
   2.0100000e-01   1.6276734e-07
   2.0240000e-01   1.6188228e-07
   2.0380000e-01   1.6098676e-07
   2.0530000e-01   1.6008100e-07
   2.0670000e-01   1.5916523e-07
   2.0810000e-01   1.5823972e-07
   2.0960000e-01   1.5730471e-07
   2.1100000e-01   1.5636051e-07
   2.1250000e-01   1.5540740e-07
   2.1400000e-01   1.5444569e-07
   2.1540000e-01   1.5347571e-07
   2.1690000e-01   1.5249781e-07
   2.1840000e-01   1.5151235e-07
   2.2000000e-01   1.5051970e-07
   2.2150000e-01   1.4952026e-07
   2.2300000e-01   1.4851444e-07
   2.2460000e-01   1.4750269e-07
   2.2610000e-01   1.4648544e-07
   2.2770000e-01   1.4546317e-07
   2.2930000e-01   1.4443638e-07
   2.3090000e-01   1.4340557e-07
   2.3250000e-01   1.4237130e-07
   2.3410000e-01   1.4133411e-07
   2.3570000e-01   1.4029459e-07
   2.3730000e-01   1.3925334e-07
   2.3900000e-01   1.3821099e-07
   2.4060000e-01   1.3716820e-07
   2.4230000e-01   1.3612566e-07
   2.4400000e-01   1.3508406e-07
   2.4570000e-01   1.3404414e-07
   2.4740000e-01   1.3300668e-07
   2.4910000e-01   1.3197245e-07
   2.5080000e-01   1.3093770e-07
   2.5260000e-01   1.2987391e-07
   2.5430000e-01   1.2877627e-07
   2.5610000e-01   1.2764508e-07
   2.5790000e-01   1.2648069e-07
   2.5970000e-01   1.2528346e-07
   2.6150000e-01   1.2405379e-07
   2.6330000e-01   1.2279213e-07
   2.6510000e-01   1.2149893e-07
   2.6690000e-01   1.2017469e-07
   2.6880000e-01   1.1881995e-07
   2.7070000e-01   1.1743528e-07
   2.7250000e-01   1.1602129e-07
   2.7440000e-01   1.1457863e-07
   2.7630000e-01   1.1310798e-07
   2.7830000e-01   1.1161007e-07
   2.8020000e-01   1.1008568e-07
   2.8210000e-01   1.0853562e-07
   2.8410000e-01   1.0696074e-07
   2.8610000e-01   1.0536197e-07
   2.8800000e-01   1.0374024e-07
   2.9000000e-01   1.0209657e-07
   2.9210000e-01   1.0043201e-07
   2.9410000e-01   9.8747675e-08
   2.9610000e-01   9.7044718e-08
   2.9820000e-01   9.5324359e-08
   3.0020000e-01   9.3587877e-08
   3.0230000e-01   9.1836605e-08
   3.0440000e-01   9.0071936e-08
   3.0650000e-01   8.8295330e-08
   3.0870000e-01   8.6508312e-08
   3.1080000e-01   8.4712470e-08
   3.1300000e-01   8.2909462e-08
   3.1510000e-01   8.1101015e-08
   3.1730000e-01   7.9288931e-08
   3.1950000e-01   7.7475086e-08
   3.2170000e-01   7.5661431e-08
   3.2400000e-01   7.3849997e-08
   3.2620000e-01   7.2042897e-08
   3.2850000e-01   7.0242327e-08
   3.3080000e-01   6.8450566e-08
   3.3310000e-01   6.6669987e-08
   3.3540000e-01   6.4903047e-08
   3.3770000e-01   6.3152304e-08
   3.4000000e-01   6.1420405e-08
   3.4240000e-01   5.9710098e-08
   3.4480000e-01   5.8024233e-08
   3.4720000e-01   5.6365766e-08
   3.4960000e-01   5.4737757e-08
   3.5200000e-01   5.3143374e-08
   3.5440000e-01   5.1585905e-08
   3.5690000e-01   5.0068749e-08
   3.5940000e-01   4.8595422e-08
   3.6190000e-01   4.7169570e-08
   3.6440000e-01   4.5794959e-08
   3.6690000e-01   4.4475484e-08
   3.6950000e-01   4.3215178e-08
   3.7200000e-01   4.2018204e-08
   3.7460000e-01   4.0888868e-08
   3.7720000e-01   3.9801933e-08
   3.7980000e-01   3.8707842e-08
   3.8250000e-01   3.7606535e-08
   3.8510000e-01   3.6498942e-08
   3.8780000e-01   3.5386032e-08
   3.9050000e-01   3.4268811e-08
   3.9320000e-01   3.3148335e-08
   3.9590000e-01   3.2025698e-08
   3.9870000e-01   3.0902045e-08
   4.0140000e-01   2.9778564e-08
   4.0420000e-01   2.8656488e-08
   4.0700000e-01   2.7537108e-08
   4.0980000e-01   2.6421757e-08
   4.1270000e-01   2.5311824e-08
   4.1550000e-01   2.4208755e-08
   4.1840000e-01   2.3114047e-08
   4.2130000e-01   2.2029250e-08
   4.2430000e-01   2.0955982e-08
   4.2720000e-01   1.9895913e-08
   4.3020000e-01   1.8850778e-08
   4.3310000e-01   1.7822376e-08
   4.3620000e-01   1.6812567e-08
   4.3920000e-01   1.5823283e-08
   4.4220000e-01   1.4856522e-08
   4.4530000e-01   1.3914352e-08
   4.4840000e-01   1.2998915e-08
   4.5150000e-01   1.2112427e-08
   4.5460000e-01   1.1257180e-08
   4.5780000e-01   1.0435546e-08
   4.6100000e-01   9.6499746e-09
   4.6420000e-01   8.9030016e-09
   4.6740000e-01   8.1972466e-09
   4.7060000e-01   7.5354161e-09
   4.7390000e-01   6.9203071e-09
   4.7720000e-01   6.3548080e-09
   4.8050000e-01   5.8419024e-09
   4.8380000e-01   5.3846702e-09
   4.8720000e-01   4.9862917e-09
   4.9060000e-01   4.6500486e-09
   4.9400000e-01   4.3793281e-09
   4.9740000e-01   4.1776253e-09
   5.0080000e-01   4.0463633e-09
   5.0430000e-01   3.9377611e-09
   5.0780000e-01   3.8310676e-09
   5.1130000e-01   3.7263585e-09
   5.1490000e-01   3.6237109e-09
   5.1850000e-01   3.5232045e-09
   5.2210000e-01   3.4249203e-09
   5.2570000e-01   3.3289420e-09
   5.2930000e-01   3.2353549e-09
   5.3300000e-01   3.1442468e-09
   5.3670000e-01   3.0557078e-09
   5.4040000e-01   2.9698294e-09
   5.4420000e-01   2.8867065e-09
   5.4790000e-01   2.8064357e-09
   5.5170000e-01   2.7291162e-09
   5.5560000e-01   2.6548494e-09
   5.5940000e-01   2.5837396e-09
   5.6330000e-01   2.5158937e-09
   5.6720000e-01   2.4514205e-09
   5.7120000e-01   2.3904324e-09
   5.7510000e-01   2.3330441e-09
   5.7910000e-01   2.2793729e-09
   5.8310000e-01   2.2295394e-09
   5.8720000e-01   2.1836670e-09
   5.9130000e-01   2.1418819e-09
   5.9540000e-01   2.1043138e-09
   5.9950000e-01   2.0710950e-09
   6.0360000e-01   2.0423614e-09
   6.0780000e-01   2.0182520e-09
   6.1200000e-01   1.9989094e-09
   6.1630000e-01   1.9844792e-09
   6.2060000e-01   1.9751107e-09
   6.2490000e-01   1.9709569e-09
   6.2920000e-01   1.9696641e-09
   6.3360000e-01   1.9684816e-09
   6.3800000e-01   1.9674016e-09
   6.4240000e-01   1.9664176e-09
   6.4690000e-01   1.9655232e-09
   6.5130000e-01   1.9647115e-09
   6.5590000e-01   1.9639752e-09
   6.6040000e-01   1.9633068e-09
   6.6500000e-01   1.9626982e-09
   6.6960000e-01   1.9621412e-09
   6.7430000e-01   1.9616270e-09
   6.7890000e-01   1.9611463e-09
   6.8370000e-01   1.9606901e-09
   6.8840000e-01   1.9602482e-09
   6.9320000e-01   1.9598102e-09
   6.9800000e-01   1.9593653e-09
   7.0280000e-01   1.9589025e-09
   7.0770000e-01   1.9584098e-09
   7.1260000e-01   1.9578751e-09
   7.1760000e-01   1.9572859e-09
   7.2250000e-01   1.9566288e-09
   7.2750000e-01   1.9558899e-09
   7.3260000e-01   1.9550554e-09
   7.3770000e-01   1.9541101e-09
   7.4280000e-01   1.9530389e-09
   7.4800000e-01   1.9518255e-09
   7.5310000e-01   1.9503488e-09
   7.5840000e-01   1.9481966e-09
   7.6360000e-01   1.9453748e-09
   7.6890000e-01   1.9419379e-09
   7.7430000e-01   1.9379435e-09
   7.7960000e-01   1.9334516e-09
   7.8500000e-01   1.9285250e-09
   7.9050000e-01   1.9232298e-09
   7.9600000e-01   1.9176343e-09
   8.0150000e-01   1.9118107e-09
   8.0710000e-01   1.9058340e-09
   8.1270000e-01   1.8997823e-09
   8.1830000e-01   1.8937370e-09
   8.2400000e-01   1.8877836e-09
   8.2970000e-01   1.8820103e-09
   8.3550000e-01   1.8765093e-09
   8.4120000e-01   1.8713768e-09
   8.4710000e-01   1.8667124e-09
   8.5300000e-01   1.8626199e-09
   8.5890000e-01   1.8592070e-09
   8.6480000e-01   1.8565860e-09
   8.7080000e-01   1.8548734e-09
   8.7690000e-01   1.8541357e-09
   8.8300000e-01   1.8536681e-09
   8.8910000e-01   1.8532178e-09
   8.9530000e-01   1.8527854e-09
   9.0150000e-01   1.8523717e-09
   9.0770000e-01   1.8519777e-09
   9.1400000e-01   1.8516042e-09
   9.2040000e-01   1.8512520e-09
   9.2680000e-01   1.8509220e-09
   9.3320000e-01   1.8506153e-09
   9.3970000e-01   1.8503327e-09
   9.4620000e-01   1.8500752e-09
   9.5280000e-01   1.8498439e-09
   9.5940000e-01   1.8496398e-09
   9.6600000e-01   1.8494640e-09
   9.7270000e-01   1.8493175e-09
   9.7950000e-01   1.8492014e-09
   9.8630000e-01   1.8491170e-09
   9.9310000e-01   1.8490655e-09
   1.0000000e+00   1.8490480e-09
   1.0070000e+00   1.8492481e-09
   1.0140000e+00   1.8498226e-09
   1.0210000e+00   1.8507317e-09
   1.0280000e+00   1.8519338e-09
   1.0350000e+00   1.8533853e-09
   1.0420000e+00   1.8550407e-09
   1.0500000e+00   1.8568525e-09
   1.0570000e+00   1.8587709e-09
   1.0640000e+00   1.8607440e-09
   1.0720000e+00   1.8627180e-09
   1.0790000e+00   1.8646362e-09
   1.0870000e+00   1.8664403e-09
   1.0940000e+00   1.8680690e-09
   1.1020000e+00   1.8694585e-09
   1.1090000e+00   1.8705429e-09
   1.1170000e+00   1.8712533e-09
   1.1250000e+00   1.8715182e-09
   1.1330000e+00   1.8711971e-09
   1.1400000e+00   1.8702138e-09
   1.1480000e+00   1.8686105e-09
   1.1560000e+00   1.8664318e-09
   1.1640000e+00   1.8637243e-09
   1.1720000e+00   1.8605368e-09
   1.1810000e+00   1.8569206e-09
   1.1890000e+00   1.8529294e-09
   1.1970000e+00   1.8486192e-09
   1.2050000e+00   1.8440486e-09
   1.2140000e+00   1.8392790e-09
   1.2220000e+00   1.8343743e-09
   1.2310000e+00   1.8294009e-09
   1.2390000e+00   1.8244288e-09
   1.2480000e+00   1.8195304e-09
   1.2560000e+00   1.8145531e-09
   1.2650000e+00   1.8089692e-09
   1.2740000e+00   1.8028134e-09
   1.2830000e+00   1.7961544e-09
   1.2920000e+00   1.7890645e-09
   1.3010000e+00   1.7816188e-09
   1.3100000e+00   1.7738963e-09
   1.3190000e+00   1.7659790e-09
   1.3280000e+00   1.7579526e-09
   1.3370000e+00   1.7499069e-09
   1.3460000e+00   1.7419347e-09
   1.3560000e+00   1.7341334e-09
   1.3650000e+00   1.7266040e-09
   1.3740000e+00   1.7194518e-09
   1.3840000e+00   1.7125723e-09
   1.3940000e+00   1.7057412e-09
   1.4030000e+00   1.6989559e-09
   1.4130000e+00   1.6922144e-09
   1.4230000e+00   1.6855149e-09
   1.4330000e+00   1.6788547e-09
   1.4430000e+00   1.6722316e-09
   1.4530000e+00   1.6656431e-09
   1.4630000e+00   1.6590866e-09
   1.4730000e+00   1.6525592e-09
   1.4830000e+00   1.6460580e-09
   1.4930000e+00   1.6395800e-09
   1.5040000e+00   1.6330630e-09
   1.5140000e+00   1.6259157e-09
   1.5250000e+00   1.6181621e-09
   1.5350000e+00   1.6100340e-09
   1.5460000e+00   1.6017730e-09
   1.5570000e+00   1.5936313e-09
   1.5670000e+00   1.5858711e-09
   1.5780000e+00   1.5787661e-09
   1.5890000e+00   1.5726009e-09
   1.6000000e+00   1.5676719e-09
   1.6110000e+00   1.5642871e-09
   1.6230000e+00   1.5627667e-09
   1.6340000e+00   1.5628371e-09
   1.6450000e+00   1.5633130e-09
   1.6570000e+00   1.5640905e-09
   1.6680000e+00   1.5651054e-09
   1.6800000e+00   1.5662904e-09
   1.6910000e+00   1.5675753e-09
   1.7030000e+00   1.5688868e-09
   1.7150000e+00   1.5701487e-09
   1.7270000e+00   1.5712814e-09
   1.7390000e+00   1.5722018e-09
   1.7510000e+00   1.5728249e-09
   1.7630000e+00   1.5732935e-09
   1.7750000e+00   1.5737538e-09
   1.7880000e+00   1.5741971e-09
   1.8000000e+00   1.5746139e-09
   1.8120000e+00   1.5749945e-09
   1.8250000e+00   1.5753290e-09
   1.8380000e+00   1.5756066e-09
   1.8500000e+00   1.5758165e-09
   1.8630000e+00   1.5759475e-09
   1.8760000e+00   1.5759803e-09
   1.8890000e+00   1.5749068e-09
   1.9020000e+00   1.5721974e-09
   1.9160000e+00   1.5681116e-09
   1.9290000e+00   1.5629213e-09
   1.9420000e+00   1.5569100e-09
   1.9560000e+00   1.5503737e-09
   1.9690000e+00   1.5436214e-09
   1.9830000e+00   1.5369751e-09
   1.9970000e+00   1.5307705e-09
   2.0100000e+00   1.5250162e-09
   2.0240000e+00   1.5190789e-09
   2.0380000e+00   1.5129392e-09
   2.0530000e+00   1.5066103e-09
   2.0670000e+00   1.5001061e-09
   2.0810000e+00   1.4934408e-09
   2.0960000e+00   1.4866296e-09
   2.1100000e+00   1.4796883e-09
   2.1250000e+00   1.4726335e-09
   2.1400000e+00   1.4653782e-09
   2.1540000e+00   1.4578534e-09
   2.1690000e+00   1.4501111e-09
   2.1840000e+00   1.4422059e-09
   2.2000000e+00   1.4341947e-09
   2.2150000e+00   1.4261367e-09
   2.2300000e+00   1.4180940e-09
   2.2460000e+00   1.4101309e-09
   2.2610000e+00   1.4021834e-09
   2.2770000e+00   1.3939962e-09
   2.2930000e+00   1.3856751e-09
   2.3090000e+00   1.3773513e-09
   2.3250000e+00   1.3691617e-09
   2.3410000e+00   1.3612486e-09
   2.3570000e+00   1.3537603e-09
   2.3730000e+00   1.3468513e-09
   2.3900000e+00   1.3400385e-09
   2.4060000e+00   1.3327310e-09
   2.4230000e+00   1.3253786e-09
   2.4400000e+00   1.3184581e-09
   2.4570000e+00   1.3124666e-09
   2.4740000e+00   1.3079213e-09
   2.4910000e+00   1.3053607e-09
   2.5080000e+00   1.3051799e-09
   2.5260000e+00   1.3065937e-09
   2.5430000e+00   1.3091778e-09
   2.5610000e+00   1.3126433e-09
   2.5790000e+00   1.3166887e-09
   2.5970000e+00   1.3209992e-09
   2.6150000e+00   1.3252466e-09
   2.6330000e+00   1.3291989e-09
   2.6510000e+00   1.3334686e-09
   2.6690000e+00   1.3381109e-09
   2.6880000e+00   1.3429951e-09
   2.7070000e+00   1.3479847e-09
   2.7250000e+00   1.3529378e-09
   2.7440000e+00   1.3577059e-09
   2.7630000e+00   1.3622025e-09
   2.7830000e+00   1.3665642e-09
   2.8020000e+00   1.3708516e-09
   2.8210000e+00   1.3751184e-09
   2.8410000e+00   1.3794206e-09
   2.8610000e+00   1.3838165e-09
   2.8800000e+00   1.3883786e-09
   2.9000000e+00   1.3933103e-09
   2.9210000e+00   1.3985029e-09
   2.9410000e+00   1.4037334e-09
   2.9610000e+00   1.4087695e-09
   2.9820000e+00   1.4133689e-09
   3.0020000e+00   1.4172850e-09
   3.0230000e+00   1.4207490e-09
   3.0440000e+00   1.4239920e-09
   3.0650000e+00   1.4269912e-09
   3.0870000e+00   1.4297233e-09
   3.1080000e+00   1.4321639e-09
   3.1300000e+00   1.4342991e-09
   3.1510000e+00   1.4363959e-09
   3.1730000e+00   1.4384546e-09
   3.1950000e+00   1.4403048e-09
   3.2170000e+00   1.4417693e-09
   3.2400000e+00   1.4426633e-09
   3.2620000e+00   1.4429218e-09
   3.2850000e+00   1.4430706e-09
   3.3080000e+00   1.4431905e-09
   3.3310000e+00   1.4432786e-09
   3.3540000e+00   1.4433323e-09
   3.3770000e+00   1.4433266e-09
   3.4000000e+00   1.4400702e-09
   3.4240000e+00   1.4324773e-09
   3.4480000e+00   1.4223143e-09
   3.4720000e+00   1.4114240e-09
   3.4960000e+00   1.4017275e-09
   3.5200000e+00   1.3935021e-09
   3.5440000e+00   1.3848003e-09
   3.5690000e+00   1.3762976e-09
   3.5940000e+00   1.3687714e-09
   3.6190000e+00   1.3630316e-09
   3.6440000e+00   1.3594641e-09
   3.6690000e+00   1.3570439e-09
   3.6950000e+00   1.3550675e-09
   3.7200000e+00   1.3528381e-09
   3.7460000e+00   1.3496292e-09
   3.7720000e+00   1.3436624e-09
   3.7980000e+00   1.3338747e-09
   3.8250000e+00   1.3221414e-09
   3.8510000e+00   1.3104632e-09
   3.8780000e+00   1.3008922e-09
   3.9050000e+00   1.2919021e-09
   3.9320000e+00   1.2827309e-09
   3.9590000e+00   1.2749785e-09
   3.9870000e+00   1.2703119e-09
   4.0140000e+00   1.2707896e-09
   4.0420000e+00   1.2781208e-09
   4.0700000e+00   1.2895130e-09
   4.0980000e+00   1.3015498e-09
   4.1270000e+00   1.3106855e-09
   4.1550000e+00   1.3179863e-09
   4.1840000e+00   1.3251813e-09
   4.2130000e+00   1.3309550e-09
   4.2430000e+00   1.3339370e-09
   4.2720000e+00   1.3325741e-09
   4.3020000e+00   1.3266086e-09
   4.3310000e+00   1.3175566e-09
   4.3620000e+00   1.3070485e-09
   4.3920000e+00   1.2955929e-09
   4.4220000e+00   1.2796127e-09
   4.4530000e+00   1.2612773e-09
   4.4840000e+00   1.2436893e-09
   4.5150000e+00   1.2294134e-09
   4.5460000e+00   1.2163692e-09
   4.5780000e+00   1.2043342e-09
   4.6100000e+00   1.1937539e-09
   4.6420000e+00   1.1846115e-09
   4.6740000e+00   1.1752764e-09
   4.7060000e+00   1.1673004e-09
   4.7390000e+00   1.1627933e-09
   4.7720000e+00   1.1627705e-09
   4.8050000e+00   1.1643682e-09
   4.8380000e+00   1.1669588e-09
   4.8720000e+00   1.1701594e-09
   4.9060000e+00   1.1765721e-09
   4.9400000e+00   1.1871506e-09
   4.9740000e+00   1.1965033e-09
   5.0080000e+00   1.1993124e-09
   5.0430000e+00   1.1992092e-09
   5.0780000e+00   1.1989705e-09
   5.1130000e+00   1.1986009e-09
   5.1490000e+00   1.1962423e-09
   5.1850000e+00   1.1880504e-09
   5.2210000e+00   1.1781184e-09
   5.2570000e+00   1.1711171e-09
   5.2930000e+00   1.1658609e-09
   5.3300000e+00   1.1613865e-09
   5.3670000e+00   1.1590507e-09
   5.4040000e+00   1.1592888e-09
   5.4420000e+00   1.1603456e-09
   5.4790000e+00   1.1615734e-09
   5.5170000e+00   1.1624738e-09
   5.5560000e+00   1.1633543e-09
   5.5940000e+00   1.1640517e-09
   5.6330000e+00   1.1639123e-09
   5.6720000e+00   1.1544787e-09
   5.7120000e+00   1.1382082e-09
   5.7510000e+00   1.1235093e-09
   5.7910000e+00   1.1105248e-09
   5.8310000e+00   1.0981681e-09
   5.8720000e+00   1.0920952e-09
   5.9130000e+00   1.0939106e-09
   5.9540000e+00   1.0985133e-09
   5.9950000e+00   1.1031686e-09
   6.0360000e+00   1.1069761e-09
   6.0780000e+00   1.1107547e-09
   6.1200000e+00   1.1127063e-09
   6.1630000e+00   1.1118642e-09
   6.2060000e+00   1.1094465e-09
   6.2490000e+00   1.1064908e-09
   6.2920000e+00   1.1020356e-09
   6.3360000e+00   1.0967140e-09
   6.3800000e+00   1.0945486e-09
   6.4240000e+00   1.0991587e-09
   6.4690000e+00   1.1060271e-09
   6.5130000e+00   1.1080652e-09
   6.5590000e+00   1.1063140e-09
   6.6040000e+00   1.1035093e-09
   6.6500000e+00   1.1007389e-09
   6.6960000e+00   1.0975234e-09
   6.7430000e+00   1.0941495e-09
   6.7890000e+00   1.0906488e-09
   6.8370000e+00   1.0870770e-09
   6.8840000e+00   1.0845785e-09
   6.9320000e+00   1.0833296e-09
   6.9800000e+00   1.0821030e-09
   7.0280000e+00   1.0783276e-09
   7.0770000e+00   1.0696529e-09
   7.1260000e+00   1.0647575e-09
   7.1760000e+00   1.0671597e-09
   7.2250000e+00   1.0732661e-09
   7.2750000e+00   1.0859395e-09
   7.3260000e+00   1.1186432e-09
   7.3770000e+00   1.1488036e-09
   7.4280000e+00   1.1679417e-09
   7.4800000e+00   1.1827980e-09
   7.5310000e+00   1.1922224e-09
   7.5840000e+00   1.1994018e-09
   7.6360000e+00   1.2014429e-09
   7.6890000e+00   1.1973339e-09
   7.7430000e+00   1.1899911e-09
   7.7960000e+00   1.1795209e-09
   7.8500000e+00   1.1639394e-09
   7.9050000e+00   1.1453537e-09
   7.9600000e+00   1.1218803e-09
   8.0150000e+00   1.0962819e-09
   8.0710000e+00   1.0641633e-09
   8.1270000e+00   1.0437032e-09
   8.1830000e+00   1.0378822e-09
   8.2400000e+00   1.0351000e-09
   8.2970000e+00   1.0468766e-09
   8.3550000e+00   1.0771276e-09
   8.4120000e+00   1.1056686e-09
   8.4710000e+00   1.1338733e-09
   8.5300000e+00   1.1380236e-09
   8.5890000e+00   1.1326430e-09
   8.6480000e+00   1.1242804e-09
   8.7080000e+00   1.1091419e-09
   8.7690000e+00   1.1006027e-09
   8.8300000e+00   1.0979435e-09
   8.8910000e+00   1.0943343e-09
   8.9530000e+00   1.0943343e-09
   9.0150000e+00   1.0943343e-09
   9.0770000e+00   1.0943343e-09
   9.1400000e+00   1.0943343e-09
   9.2040000e+00   1.0943343e-09
   9.2680000e+00   1.0943343e-09
   9.3320000e+00   1.0943343e-09
   9.3970000e+00   1.0943343e-09
   9.4620000e+00   1.0943343e-09
   9.5280000e+00   1.0943343e-09
   9.5940000e+00   1.0943343e-09
   9.6600000e+00   1.0943343e-09
   9.7270000e+00   1.0943343e-09
   9.7950000e+00   1.0943343e-09
   9.8630000e+00   1.0943343e-09
   9.9310000e+00   1.0943343e-09
   1.0000000e+01   1.0943343e-09
   1.0070000e+01   1.0943343e-09
   1.0140000e+01   1.0943343e-09
   1.0210000e+01   1.0943343e-09
   1.0280000e+01   1.0943343e-09
   1.0350000e+01   1.0943343e-09
   1.0420000e+01   1.0943343e-09
   1.0500000e+01   1.0943343e-09
   1.0570000e+01   1.0943343e-09
   1.0640000e+01   1.0943343e-09
   1.0720000e+01   1.0943343e-09
   1.0790000e+01   1.0943343e-09
   1.0870000e+01   1.0943343e-09
   1.0940000e+01   1.0943343e-09
   1.1020000e+01   1.0943343e-09
   1.1090000e+01   1.0943343e-09
   1.1170000e+01   1.0943343e-09
   1.1250000e+01   1.0943343e-09
   1.1330000e+01   1.0943343e-09
   1.1400000e+01   1.0943343e-09
   1.1480000e+01   1.0943343e-09
   1.1560000e+01   1.0943343e-09
   1.1640000e+01   1.0943343e-09
   1.1720000e+01   1.0943343e-09
   1.1810000e+01   1.0943343e-09
   1.1890000e+01   1.0943343e-09
   1.1970000e+01   1.0943343e-09
   1.2050000e+01   1.0943343e-09
   1.2140000e+01   1.0943343e-09
   1.2220000e+01   1.0943343e-09
   1.2310000e+01   1.0943343e-09
   1.2390000e+01   1.0943343e-09
   1.2480000e+01   1.0943343e-09
   1.2560000e+01   1.0943343e-09
   1.2650000e+01   1.0943343e-09
   1.2740000e+01   1.0943343e-09
   1.2830000e+01   1.0943343e-09
   1.2920000e+01   1.0943343e-09
   1.3010000e+01   1.0943343e-09
   1.3100000e+01   1.0943343e-09
   1.3190000e+01   1.0943343e-09
   1.3280000e+01   1.0943343e-09
   1.3370000e+01   1.0943343e-09
   1.3460000e+01   1.0943343e-09
   1.3560000e+01   1.0943343e-09
   1.3650000e+01   1.0943343e-09
   1.3740000e+01   1.0943343e-09
   1.3840000e+01   1.0943343e-09
   1.3940000e+01   1.0943343e-09
   1.4030000e+01   1.0943343e-09
   1.4130000e+01   1.0943343e-09
   1.4230000e+01   1.0943343e-09
   1.4330000e+01   1.0943343e-09
   1.4430000e+01   1.0943343e-09
   1.4530000e+01   1.0943343e-09
   1.4630000e+01   1.0943343e-09
   1.4730000e+01   1.0943343e-09
   1.4830000e+01   1.0943343e-09
   1.4930000e+01   1.0943343e-09
   1.5040000e+01   1.0943343e-09
   1.5140000e+01   1.0943343e-09
   1.5250000e+01   1.0943343e-09
   1.5350000e+01   1.0943343e-09
   1.5460000e+01   1.0943343e-09
   1.5570000e+01   1.0943343e-09
   1.5670000e+01   1.0943343e-09
   1.5780000e+01   1.0943343e-09
   1.5890000e+01   1.0943343e-09
   1.6000000e+01   1.0943343e-09
   1.6110000e+01   1.0943343e-09
   1.6230000e+01   1.0943343e-09
   1.6340000e+01   1.0943343e-09
   1.6450000e+01   1.0943343e-09
   1.6570000e+01   1.0943343e-09
   1.6680000e+01   1.0943343e-09
   1.6800000e+01   1.0943343e-09
   1.6910000e+01   1.0943343e-09
   1.7030000e+01   1.0943343e-09
   1.7150000e+01   1.0943343e-09
   1.7270000e+01   1.0943343e-09
   1.7390000e+01   1.0943343e-09
   1.7510000e+01   1.0943343e-09
   1.7630000e+01   1.0943343e-09
   1.7750000e+01   1.0943343e-09
   1.7880000e+01   1.0943343e-09
   1.8000000e+01   1.0943343e-09
   1.8120000e+01   1.0943343e-09
   1.8250000e+01   1.0943343e-09
   1.8380000e+01   1.0943343e-09
   1.8500000e+01   1.0943343e-09
   1.8630000e+01   1.0943343e-09
   1.8760000e+01   1.0943343e-09
   1.8890000e+01   1.0943343e-09
   1.9020000e+01   1.0943343e-09
   1.9160000e+01   1.0943343e-09
   1.9290000e+01   1.0943343e-09
   1.9420000e+01   1.0943343e-09
   1.9560000e+01   1.0943343e-09
   1.9690000e+01   1.0943343e-09
   1.9830000e+01   1.0943343e-09
   1.9970000e+01   1.0943343e-09
   2.0100000e+01   1.0943343e-09
   2.0240000e+01   1.0943343e-09
   2.0380000e+01   1.0943343e-09
   2.0530000e+01   1.0943343e-09
   2.0670000e+01   1.0943343e-09
   2.0810000e+01   1.0943343e-09
   2.0960000e+01   1.0943343e-09
   2.1100000e+01   1.0943343e-09
   2.1250000e+01   1.0943343e-09
   2.1400000e+01   1.0943343e-09
   2.1540000e+01   1.0943343e-09
   2.1690000e+01   1.0943343e-09
   2.1840000e+01   1.0943343e-09
   2.2000000e+01   1.0943343e-09
   2.2150000e+01   1.0943343e-09
   2.2300000e+01   1.0943343e-09
   2.2460000e+01   1.0943343e-09
   2.2610000e+01   1.0943343e-09
   2.2770000e+01   1.0943343e-09
   2.2930000e+01   1.0943343e-09
   2.3090000e+01   1.0943343e-09
   2.3250000e+01   1.0943343e-09
   2.3410000e+01   1.0943343e-09
   2.3570000e+01   1.0943343e-09
   2.3730000e+01   1.0943343e-09
   2.3900000e+01   1.0943343e-09
   2.4060000e+01   1.0943343e-09
   2.4230000e+01   1.0943343e-09
   2.4400000e+01   1.0943343e-09
   2.4570000e+01   1.0943343e-09
   2.4740000e+01   1.0943343e-09
   2.4910000e+01   1.0943343e-09
   2.5080000e+01   1.0943343e-09
   2.5260000e+01   1.0943343e-09
   2.5430000e+01   1.0943343e-09
   2.5610000e+01   1.0943343e-09
   2.5790000e+01   1.0943343e-09
   2.5970000e+01   1.0943343e-09
   2.6150000e+01   1.0943343e-09
   2.6330000e+01   1.0943343e-09
   2.6510000e+01   1.0943343e-09
   2.6690000e+01   1.0943343e-09
   2.6880000e+01   1.0943343e-09
   2.7070000e+01   1.0943343e-09
   2.7250000e+01   1.0943343e-09
   2.7440000e+01   1.0943343e-09
   2.7630000e+01   1.0943343e-09
   2.7830000e+01   1.0943343e-09
   2.8020000e+01   1.0943343e-09
   2.8210000e+01   1.0943343e-09
   2.8410000e+01   1.0943343e-09
   2.8610000e+01   1.0943343e-09
   2.8800000e+01   1.0943343e-09
   2.9000000e+01   1.0943343e-09
   2.9210000e+01   1.0943343e-09
   2.9410000e+01   1.0943343e-09
   2.9610000e+01   1.0943343e-09
   2.9820000e+01   1.0943343e-09
   3.0020000e+01   1.0943343e-09
   3.0230000e+01   1.0943343e-09
   3.0440000e+01   1.0943343e-09
   3.0650000e+01   1.0943343e-09
   3.0870000e+01   1.0943343e-09
   3.1080000e+01   1.0943343e-09
   3.1300000e+01   1.0943343e-09
   3.1510000e+01   1.0943343e-09
   3.1730000e+01   1.0943343e-09
   3.1950000e+01   1.0943343e-09
   3.2170000e+01   1.0943343e-09
   3.2400000e+01   1.0943343e-09
   3.2620000e+01   1.0943343e-09
   3.2850000e+01   1.0943343e-09
   3.3080000e+01   1.0943343e-09
   3.3310000e+01   1.0943343e-09
   3.3540000e+01   1.0943343e-09
   3.3770000e+01   1.0943343e-09
   3.4000000e+01   1.0943343e-09
   3.4240000e+01   1.0943343e-09
   3.4480000e+01   1.0943343e-09
   3.4720000e+01   1.0943343e-09
   3.4960000e+01   1.0943343e-09
   3.5200000e+01   1.0943343e-09
   3.5440000e+01   1.0943343e-09
   3.5690000e+01   1.0943343e-09
   3.5940000e+01   1.0943343e-09
   3.6190000e+01   1.0943343e-09
   3.6440000e+01   1.0943343e-09
   3.6690000e+01   1.0943343e-09
   3.6950000e+01   1.0943343e-09
   3.7200000e+01   1.0943343e-09
   3.7460000e+01   1.0943343e-09
   3.7720000e+01   1.0943343e-09
   3.7980000e+01   1.0943343e-09
   3.8250000e+01   1.0943343e-09
   3.8510000e+01   1.0943343e-09
   3.8780000e+01   1.0943343e-09
   3.9050000e+01   1.0943343e-09
   3.9320000e+01   1.0943343e-09
   3.9590000e+01   1.0943343e-09
   3.9870000e+01   1.0943343e-09
   4.0140000e+01   1.0943343e-09
   4.0420000e+01   1.0943343e-09
   4.0700000e+01   1.0943343e-09
   4.0980000e+01   1.0943343e-09
   4.1270000e+01   1.0943343e-09
   4.1550000e+01   1.0943343e-09
   4.1840000e+01   1.0943343e-09
   4.2130000e+01   1.0943343e-09
   4.2430000e+01   1.0943343e-09
   4.2720000e+01   1.0943343e-09
   4.3020000e+01   1.0943343e-09
   4.3310000e+01   1.0943343e-09
   4.3620000e+01   1.0943343e-09
   4.3920000e+01   1.0943343e-09
   4.4220000e+01   1.0943343e-09
   4.4530000e+01   1.0943343e-09
   4.4840000e+01   1.0943343e-09
   4.5150000e+01   1.0943343e-09
   4.5460000e+01   1.0943343e-09
   4.5780000e+01   1.0943343e-09
   4.6100000e+01   1.0943343e-09
   4.6420000e+01   1.0943343e-09
   4.6740000e+01   1.0943343e-09
   4.7060000e+01   1.0943343e-09
   4.7390000e+01   1.0943343e-09
   4.7720000e+01   1.0943343e-09
   4.8050000e+01   1.0943343e-09
   4.8380000e+01   1.0943343e-09
   4.8720000e+01   1.0943343e-09
   4.9060000e+01   1.0943343e-09
   4.9400000e+01   1.0943343e-09
   4.9740000e+01   1.0943343e-09
   5.0080000e+01   1.0943343e-09
   5.0430000e+01   1.0943343e-09
   5.0780000e+01   1.0943343e-09
   5.1130000e+01   1.0943343e-09
   5.1490000e+01   1.0943343e-09
   5.1850000e+01   1.0943343e-09
   5.2210000e+01   1.0943343e-09
   5.2570000e+01   1.0943343e-09
   5.2930000e+01   1.0943343e-09
   5.3300000e+01   1.0943343e-09
   5.3670000e+01   1.0943343e-09
   5.4040000e+01   1.0943343e-09
   5.4420000e+01   1.0943343e-09
   5.4790000e+01   1.0943343e-09
   5.5170000e+01   1.0943343e-09
   5.5560000e+01   1.0943343e-09
   5.5940000e+01   1.0943343e-09
   5.6330000e+01   1.0943343e-09
   5.6720000e+01   1.0943343e-09
   5.7120000e+01   1.0943343e-09
   5.7510000e+01   1.0943343e-09
   5.7910000e+01   1.0943343e-09
   5.8310000e+01   1.0943343e-09
   5.8720000e+01   1.0943343e-09
   5.9130000e+01   1.0943343e-09
   5.9540000e+01   1.0943343e-09
   5.9950000e+01   1.0943343e-09
   6.0360000e+01   1.0943343e-09
   6.0780000e+01   1.0943343e-09
   6.1200000e+01   1.0943343e-09
   6.1630000e+01   1.0943343e-09
   6.2060000e+01   1.0943343e-09
   6.2490000e+01   1.0943343e-09
   6.2920000e+01   1.0943343e-09
   6.3360000e+01   1.0943343e-09
   6.3800000e+01   1.0943343e-09
   6.4240000e+01   1.0943343e-09
   6.4690000e+01   1.0943343e-09
   6.5130000e+01   1.0943343e-09
   6.5590000e+01   1.0943343e-09
   6.6040000e+01   1.0943343e-09
   6.6500000e+01   1.0943343e-09
   6.6960000e+01   1.0943343e-09
   6.7430000e+01   1.0943343e-09
   6.7890000e+01   1.0943343e-09
   6.8370000e+01   1.0943343e-09
   6.8840000e+01   1.0943343e-09
   6.9320000e+01   1.0943343e-09
   6.9800000e+01   1.0943343e-09
   7.0280000e+01   1.0943343e-09
   7.0770000e+01   1.0943343e-09
   7.1260000e+01   1.0943343e-09
   7.1760000e+01   1.0943343e-09
   7.2250000e+01   1.0943343e-09
   7.2750000e+01   1.0943343e-09
   7.3260000e+01   1.0943343e-09
   7.3770000e+01   1.0943343e-09
   7.4280000e+01   1.0943343e-09
   7.4800000e+01   1.0943343e-09
   7.5310000e+01   1.0943343e-09
   7.5840000e+01   1.0943343e-09
   7.6360000e+01   1.0943343e-09
   7.6890000e+01   1.0943343e-09
   7.7430000e+01   1.0943343e-09
   7.7960000e+01   1.0943343e-09
   7.8500000e+01   1.0943343e-09
   7.9050000e+01   1.0943343e-09
   7.9600000e+01   1.0943343e-09
   8.0150000e+01   1.0943343e-09
   8.0710000e+01   1.0943343e-09
   8.1270000e+01   1.0943343e-09
   8.1830000e+01   1.0943343e-09
   8.2400000e+01   1.0943343e-09
   8.2970000e+01   1.0943343e-09
   8.3550000e+01   1.0943343e-09
   8.4120000e+01   1.0943343e-09
   8.4710000e+01   1.0943343e-09
   8.5300000e+01   1.0943343e-09
   8.5890000e+01   1.0943343e-09
   8.6480000e+01   1.0943343e-09
   8.7080000e+01   1.0943343e-09
   8.7690000e+01   1.0943343e-09
   8.8300000e+01   1.0943343e-09
   8.8910000e+01   1.0943343e-09
   8.9530000e+01   1.0943343e-09
   9.0150000e+01   1.0943343e-09
   9.0770000e+01   1.0943343e-09
   9.1400000e+01   1.0943343e-09
   9.2040000e+01   1.0943343e-09
   9.2680000e+01   1.0943343e-09
   9.3320000e+01   1.0943343e-09
   9.3970000e+01   1.0943343e-09
   9.4620000e+01   1.0943343e-09
   9.5280000e+01   1.0943343e-09
   9.5940000e+01   1.0943343e-09
   9.6600000e+01   1.0943343e-09
   9.7270000e+01   1.0943343e-09
   9.7950000e+01   1.0943343e-09
   9.8630000e+01   1.0943343e-09
   9.9310000e+01   1.0943343e-09
   1.0000000e+02   1.0943343e-09
