   1.0000000e-01   1.2515655e-08
   1.0070000e-01   1.2512608e-08
   1.0140000e-01   1.2509523e-08
   1.0210000e-01   1.2506399e-08
   1.0280000e-01   1.2503236e-08
   1.0350000e-01   1.2500034e-08
   1.0420000e-01   1.2496792e-08
   1.0500000e-01   1.2493510e-08
   1.0570000e-01   1.2490186e-08
   1.0640000e-01   1.2486822e-08
   1.0720000e-01   1.2483416e-08
   1.0790000e-01   1.2479967e-08
   1.0870000e-01   1.2476476e-08
   1.0940000e-01   1.2472941e-08
   1.1020000e-01   1.2469363e-08
   1.1090000e-01   1.2465741e-08
   1.1170000e-01   1.2462074e-08
   1.1250000e-01   1.2458362e-08
   1.1330000e-01   1.2454604e-08
   1.1400000e-01   1.2450800e-08
   1.1480000e-01   1.2446949e-08
   1.1560000e-01   1.2443051e-08
   1.1640000e-01   1.2439105e-08
   1.1720000e-01   1.2435111e-08
   1.1810000e-01   1.2431068e-08
   1.1890000e-01   1.2426976e-08
   1.1970000e-01   1.2422834e-08
   1.2050000e-01   1.2418641e-08
   1.2140000e-01   1.2414398e-08
   1.2220000e-01   1.2410103e-08
   1.2310000e-01   1.2405756e-08
   1.2390000e-01   1.2401356e-08
   1.2480000e-01   1.2396903e-08
   1.2560000e-01   1.2392248e-08
   1.2650000e-01   1.2387002e-08
   1.2740000e-01   1.2381136e-08
   1.2830000e-01   1.2374643e-08
   1.2920000e-01   1.2367518e-08
   1.3010000e-01   1.2359752e-08
   1.3100000e-01   1.2351340e-08
   1.3190000e-01   1.2342275e-08
   1.3280000e-01   1.2332549e-08
   1.3370000e-01   1.2322158e-08
   1.3460000e-01   1.2311093e-08
   1.3560000e-01   1.2299348e-08
   1.3650000e-01   1.2286918e-08
   1.3740000e-01   1.2273796e-08
   1.3840000e-01   1.2259975e-08
   1.3940000e-01   1.2245449e-08
   1.4030000e-01   1.2230213e-08
   1.4130000e-01   1.2214260e-08
   1.4230000e-01   1.2197584e-08
   1.4330000e-01   1.2180181e-08
   1.4430000e-01   1.2162043e-08
   1.4530000e-01   1.2143165e-08
   1.4630000e-01   1.2123543e-08
   1.4730000e-01   1.2103171e-08
   1.4830000e-01   1.2082043e-08
   1.4930000e-01   1.2060155e-08
   1.5040000e-01   1.2037502e-08
   1.5140000e-01   1.2014079e-08
   1.5250000e-01   1.1989881e-08
   1.5350000e-01   1.1964905e-08
   1.5460000e-01   1.1939146e-08
   1.5570000e-01   1.1912600e-08
   1.5670000e-01   1.1885263e-08
   1.5780000e-01   1.1857133e-08
   1.5890000e-01   1.1828205e-08
   1.6000000e-01   1.1798476e-08
   1.6110000e-01   1.1767944e-08
   1.6230000e-01   1.1736606e-08
   1.6340000e-01   1.1704459e-08
   1.6450000e-01   1.1671502e-08
   1.6570000e-01   1.1637733e-08
   1.6680000e-01   1.1603150e-08
   1.6800000e-01   1.1567752e-08
   1.6910000e-01   1.1531538e-08
   1.7030000e-01   1.1494508e-08
   1.7150000e-01   1.1456661e-08
   1.7270000e-01   1.1417998e-08
   1.7390000e-01   1.1378518e-08
   1.7510000e-01   1.1338224e-08
   1.7630000e-01   1.1297116e-08
   1.7750000e-01   1.1255195e-08
   1.7880000e-01   1.1212464e-08
   1.8000000e-01   1.1168926e-08
   1.8120000e-01   1.1124584e-08
   1.8250000e-01   1.1079440e-08
   1.8380000e-01   1.1033500e-08
   1.8500000e-01   1.0986766e-08
   1.8630000e-01   1.0939246e-08
   1.8760000e-01   1.0890943e-08
   1.8890000e-01   1.0841864e-08
   1.9020000e-01   1.0792015e-08
   1.9160000e-01   1.0741405e-08
   1.9290000e-01   1.0690040e-08
   1.9420000e-01   1.0637929e-08
   1.9560000e-01   1.0585082e-08
   1.9690000e-01   1.0531508e-08
   1.9830000e-01   1.0477218e-08
   1.9970000e-01   1.0422223e-08
   2.0100000e-01   1.0366535e-08
   2.0240000e-01   1.0310166e-08
   2.0380000e-01   1.0253131e-08
   2.0530000e-01   1.0195444e-08
   2.0670000e-01   1.0137119e-08
   2.0810000e-01   1.0078174e-08
   2.0960000e-01   1.0018624e-08
   2.1100000e-01   9.9584884e-09
   2.1250000e-01   9.8977853e-09
   2.1400000e-01   9.8365349e-09
   2.1540000e-01   9.7747579e-09
   2.1690000e-01   9.7124761e-09
   2.1840000e-01   9.6497126e-09
   2.2000000e-01   9.5864915e-09
   2.2150000e-01   9.5228379e-09
   2.2300000e-01   9.4587782e-09
   2.2460000e-01   9.3943400e-09
   2.2610000e-01   9.3295521e-09
   2.2770000e-01   9.2644446e-09
   2.2930000e-01   9.1990490e-09
   2.3090000e-01   9.1333979e-09
   2.3250000e-01   9.0675257e-09
   2.3410000e-01   9.0014678e-09
   2.3570000e-01   8.9352613e-09
   2.3730000e-01   8.8689449e-09
   2.3900000e-01   8.8025586e-09
   2.4060000e-01   8.7361443e-09
   2.4230000e-01   8.6697452e-09
   2.4400000e-01   8.6034066e-09
   2.4570000e-01   8.5371752e-09
   2.4740000e-01   8.4710997e-09
   2.4910000e-01   8.4052305e-09
   2.5080000e-01   8.3393278e-09
   2.5260000e-01   8.2715760e-09
   2.5430000e-01   8.2016679e-09
   2.5610000e-01   8.1296234e-09
   2.5790000e-01   8.0554640e-09
   2.5970000e-01   7.9792133e-09
   2.6150000e-01   7.9008969e-09
   2.6330000e-01   7.8205423e-09
   2.6510000e-01   7.7381792e-09
   2.6690000e-01   7.6538394e-09
   2.6880000e-01   7.5675570e-09
   2.7070000e-01   7.4793685e-09
   2.7250000e-01   7.3893124e-09
   2.7440000e-01   7.2974303e-09
   2.7630000e-01   7.2037657e-09
   2.7830000e-01   7.1083651e-09
   2.8020000e-01   7.0112777e-09
   2.8210000e-01   6.9125553e-09
   2.8410000e-01   6.8122528e-09
   2.8610000e-01   6.7104279e-09
   2.8800000e-01   6.6071414e-09
   2.9000000e-01   6.5024573e-09
   2.9210000e-01   6.3964428e-09
   2.9410000e-01   6.2891684e-09
   2.9610000e-01   6.1807083e-09
   2.9820000e-01   6.0711399e-09
   3.0020000e-01   5.9605446e-09
   3.0230000e-01   5.8490073e-09
   3.0440000e-01   5.7366168e-09
   3.0650000e-01   5.6234661e-09
   3.0870000e-01   5.5096522e-09
   3.1080000e-01   5.3952763e-09
   3.1300000e-01   5.2804440e-09
   3.1510000e-01   5.1652653e-09
   3.1730000e-01   5.0498550e-09
   3.1950000e-01   4.9343325e-09
   3.2170000e-01   4.8188221e-09
   3.2400000e-01   4.7034532e-09
   3.2620000e-01   4.5883603e-09
   3.2850000e-01   4.4736833e-09
   3.3080000e-01   4.3595673e-09
   3.3310000e-01   4.2461635e-09
   3.3540000e-01   4.1336284e-09
   3.3770000e-01   4.0221248e-09
   3.4000000e-01   3.9118214e-09
   3.4240000e-01   3.8028932e-09
   3.4480000e-01   3.6955217e-09
   3.4720000e-01   3.5898951e-09
   3.4960000e-01   3.4862084e-09
   3.5200000e-01   3.3846633e-09
   3.5440000e-01   3.2854692e-09
   3.5690000e-01   3.1888426e-09
   3.5940000e-01   3.0950075e-09
   3.6190000e-01   3.0041960e-09
   3.6440000e-01   2.9166480e-09
   3.6690000e-01   2.8326116e-09
   3.6950000e-01   2.7523436e-09
   3.7200000e-01   2.6761092e-09
   3.7460000e-01   2.6041826e-09
   3.7720000e-01   2.5349565e-09
   3.7980000e-01   2.4652746e-09
   3.8250000e-01   2.3951332e-09
   3.8510000e-01   2.3245914e-09
   3.8780000e-01   2.2537109e-09
   3.9050000e-01   2.1825559e-09
   3.9320000e-01   2.1111936e-09
   3.9590000e-01   2.0396937e-09
   3.9870000e-01   1.9681290e-09
   4.0140000e-01   1.8965753e-09
   4.0420000e-01   1.8251111e-09
   4.0700000e-01   1.7538186e-09
   4.0980000e-01   1.6827827e-09
   4.1270000e-01   1.6120919e-09
   4.1550000e-01   1.5418382e-09
   4.1840000e-01   1.4721170e-09
   4.2130000e-01   1.4030271e-09
   4.2430000e-01   1.3346714e-09
   4.2720000e-01   1.2671564e-09
   4.3020000e-01   1.2005925e-09
   4.3310000e-01   1.1350943e-09
   4.3620000e-01   1.0707803e-09
   4.3920000e-01   1.0077735e-09
   4.4220000e-01   9.4620121e-10
   4.4530000e-01   8.8619510e-10
   4.4840000e-01   8.2789158e-10
   4.5150000e-01   7.7143179e-10
   4.5460000e-01   7.1696173e-10
   4.5780000e-01   6.6463240e-10
   4.6100000e-01   6.1459994e-10
   4.6420000e-01   5.6702577e-10
   4.6740000e-01   5.2207674e-10
   4.7060000e-01   4.7992523e-10
   4.7390000e-01   4.4074938e-10
   4.7720000e-01   4.0473315e-10
   4.8050000e-01   3.7206656e-10
   4.8380000e-01   3.4294577e-10
   4.8720000e-01   3.1757333e-10
   4.9060000e-01   2.9615825e-10
   4.9400000e-01   2.7891626e-10
   4.9740000e-01   2.6606995e-10
   5.0080000e-01   2.5770997e-10
   5.0430000e-01   2.5079317e-10
   5.0780000e-01   2.4399794e-10
   5.1130000e-01   2.3732909e-10
   5.1490000e-01   2.3079154e-10
   5.1850000e-01   2.2439036e-10
   5.2210000e-01   2.1813071e-10
   5.2570000e-01   2.1201792e-10
   5.2930000e-01   2.0605743e-10
   5.3300000e-01   2.0025482e-10
   5.3670000e-01   1.9461583e-10
   5.4040000e-01   1.8914630e-10
   5.4420000e-01   1.8385226e-10
   5.4790000e-01   1.7873987e-10
   5.5170000e-01   1.7381545e-10
   5.5560000e-01   1.6908545e-10
   5.5940000e-01   1.6455652e-10
   5.6330000e-01   1.6023546e-10
   5.6720000e-01   1.5612921e-10
   5.7120000e-01   1.5224492e-10
   5.7510000e-01   1.4858990e-10
   5.7910000e-01   1.4517162e-10
   5.8310000e-01   1.4199776e-10
   5.8720000e-01   1.3907618e-10
   5.9130000e-01   1.3641492e-10
   5.9540000e-01   1.3402223e-10
   5.9950000e-01   1.3190655e-10
   6.0360000e-01   1.3007653e-10
   6.0780000e-01   1.2854102e-10
   6.1200000e-01   1.2730910e-10
   6.1630000e-01   1.2639005e-10
   6.2060000e-01   1.2579338e-10
   6.2490000e-01   1.2552883e-10
   6.2920000e-01   1.2544649e-10
   6.3360000e-01   1.2537118e-10
   6.3800000e-01   1.2530239e-10
   6.4240000e-01   1.2523972e-10
   6.4690000e-01   1.2518276e-10
   6.5130000e-01   1.2513106e-10
   6.5590000e-01   1.2508417e-10
   6.6040000e-01   1.2504160e-10
   6.6500000e-01   1.2500284e-10
   6.6960000e-01   1.2496736e-10
   6.7430000e-01   1.2493461e-10
   6.7890000e-01   1.2490400e-10
   6.8370000e-01   1.2487494e-10
   6.8840000e-01   1.2484680e-10
   6.9320000e-01   1.2481890e-10
   6.9800000e-01   1.2479057e-10
   7.0280000e-01   1.2476109e-10
   7.0770000e-01   1.2472971e-10
   7.1260000e-01   1.2469566e-10
   7.1760000e-01   1.2465813e-10
   7.2250000e-01   1.2461628e-10
   7.2750000e-01   1.2456922e-10
   7.3260000e-01   1.2451607e-10
   7.3770000e-01   1.2445587e-10
   7.4280000e-01   1.2438764e-10
   7.4800000e-01   1.2431036e-10
   7.5310000e-01   1.2421631e-10
   7.5840000e-01   1.2407924e-10
   7.6360000e-01   1.2389952e-10
   7.6890000e-01   1.2368063e-10
   7.7430000e-01   1.2342623e-10
   7.7960000e-01   1.2314014e-10
   7.8500000e-01   1.2282637e-10
   7.9050000e-01   1.2248912e-10
   7.9600000e-01   1.2213275e-10
   8.0150000e-01   1.2176185e-10
   8.0710000e-01   1.2138120e-10
   8.1270000e-01   1.2099577e-10
   8.1830000e-01   1.2061075e-10
   8.2400000e-01   1.2023158e-10
   8.2970000e-01   1.1986388e-10
   8.3550000e-01   1.1951353e-10
   8.4120000e-01   1.1918664e-10
   8.4710000e-01   1.1888957e-10
   8.5300000e-01   1.1862892e-10
   8.5890000e-01   1.1841156e-10
   8.6480000e-01   1.1824463e-10
   8.7080000e-01   1.1813555e-10
   8.7690000e-01   1.1808857e-10
   8.8300000e-01   1.1805879e-10
   8.8910000e-01   1.1803011e-10
   8.9530000e-01   1.1800257e-10
   9.0150000e-01   1.1797622e-10
   9.0770000e-01   1.1795113e-10
   9.1400000e-01   1.1792734e-10
   9.2040000e-01   1.1790491e-10
   9.2680000e-01   1.1788389e-10
   9.3320000e-01   1.1786436e-10
   9.3970000e-01   1.1784636e-10
   9.4620000e-01   1.1782996e-10
   9.5280000e-01   1.1781523e-10
   9.5940000e-01   1.1780223e-10
   9.6600000e-01   1.1779103e-10
   9.7270000e-01   1.1778170e-10
   9.7950000e-01   1.1777431e-10
   9.8630000e-01   1.1776893e-10
   9.9310000e-01   1.1776565e-10
   1.0000000e+00   1.1776454e-10
   1.0070000e+00   1.1777728e-10
   1.0140000e+00   1.1781387e-10
   1.0210000e+00   1.1787177e-10
   1.0280000e+00   1.1794833e-10
   1.0350000e+00   1.1804078e-10
   1.0420000e+00   1.1814621e-10
   1.0500000e+00   1.1826160e-10
   1.0570000e+00   1.1838378e-10
   1.0640000e+00   1.1850945e-10
   1.0720000e+00   1.1863517e-10
   1.0790000e+00   1.1875734e-10
   1.0870000e+00   1.1887224e-10
   1.0940000e+00   1.1897597e-10
   1.1020000e+00   1.1906447e-10
   1.1090000e+00   1.1913353e-10
   1.1170000e+00   1.1917878e-10
   1.1250000e+00   1.1919565e-10
   1.1330000e+00   1.1917520e-10
   1.1400000e+00   1.1911257e-10
   1.1480000e+00   1.1901046e-10
   1.1560000e+00   1.1887170e-10
   1.1640000e+00   1.1869926e-10
   1.1720000e+00   1.1849625e-10
   1.1810000e+00   1.1826594e-10
   1.1890000e+00   1.1801174e-10
   1.1970000e+00   1.1773723e-10
   1.2050000e+00   1.1744613e-10
   1.2140000e+00   1.1714236e-10
   1.2220000e+00   1.1682998e-10
   1.2310000e+00   1.1651323e-10
   1.2390000e+00   1.1619656e-10
   1.2480000e+00   1.1588458e-10
   1.2560000e+00   1.1556758e-10
   1.2650000e+00   1.1521195e-10
   1.2740000e+00   1.1481989e-10
   1.2830000e+00   1.1439578e-10
   1.2920000e+00   1.1394423e-10
   1.3010000e+00   1.1347002e-10
   1.3100000e+00   1.1297818e-10
   1.3190000e+00   1.1247393e-10
   1.3280000e+00   1.1196274e-10
   1.3370000e+00   1.1145031e-10
   1.3460000e+00   1.1094257e-10
   1.3560000e+00   1.1044571e-10
   1.3650000e+00   1.0996617e-10
   1.3740000e+00   1.0951065e-10
   1.3840000e+00   1.0907250e-10
   1.3940000e+00   1.0863743e-10
   1.4030000e+00   1.0820528e-10
   1.4130000e+00   1.0777592e-10
   1.4230000e+00   1.0734923e-10
   1.4330000e+00   1.0692505e-10
   1.4430000e+00   1.0650323e-10
   1.4530000e+00   1.0608361e-10
   1.4630000e+00   1.0566603e-10
   1.4730000e+00   1.0525031e-10
   1.4830000e+00   1.0483625e-10
   1.4930000e+00   1.0442367e-10
   1.5040000e+00   1.0400861e-10
   1.5140000e+00   1.0355340e-10
   1.5250000e+00   1.0305958e-10
   1.5350000e+00   1.0254191e-10
   1.5460000e+00   1.0201577e-10
   1.5570000e+00   1.0149723e-10
   1.5670000e+00   1.0100299e-10
   1.5780000e+00   1.0055048e-10
   1.5890000e+00   1.0015782e-10
   1.6000000e+00   9.9843897e-11
   1.6110000e+00   9.9628319e-11
   1.6230000e+00   9.9531490e-11
   1.6340000e+00   9.9535974e-11
   1.6450000e+00   9.9566278e-11
   1.6570000e+00   9.9615800e-11
   1.6680000e+00   9.9680439e-11
   1.6800000e+00   9.9755911e-11
   1.6910000e+00   9.9837744e-11
   1.7030000e+00   9.9921275e-11
   1.7150000e+00   1.0000164e-10
   1.7270000e+00   1.0007378e-10
   1.7390000e+00   1.0013240e-10
   1.7510000e+00   1.0017209e-10
   1.7630000e+00   1.0020193e-10
   1.7750000e+00   1.0023125e-10
   1.7880000e+00   1.0025948e-10
   1.8000000e+00   1.0028603e-10
   1.8120000e+00   1.0031027e-10
   1.8250000e+00   1.0033157e-10
   1.8380000e+00   1.0034925e-10
   1.8500000e+00   1.0036262e-10
   1.8630000e+00   1.0037096e-10
   1.8760000e+00   1.0037305e-10
   1.8890000e+00   1.0030468e-10
   1.9020000e+00   1.0013212e-10
   1.9160000e+00   9.9871902e-11
   1.9290000e+00   9.9541335e-11
   1.9420000e+00   9.9158477e-11
   1.9560000e+00   9.8742187e-11
   1.9690000e+00   9.8312136e-11
   1.9830000e+00   9.7888838e-11
   1.9970000e+00   9.7493670e-11
   2.0100000e+00   9.7127186e-11
   2.0240000e+00   9.6749040e-11
   2.0380000e+00   9.6358009e-11
   2.0530000e+00   9.5954929e-11
   2.0670000e+00   9.5540676e-11
   2.0810000e+00   9.5116168e-11
   2.0960000e+00   9.4682368e-11
   2.1100000e+00   9.4240283e-11
   2.1250000e+00   9.3790966e-11
   2.1400000e+00   9.3328886e-11
   2.1540000e+00   9.2849634e-11
   2.1690000e+00   9.2356534e-11
   2.1840000e+00   9.1853056e-11
   2.2000000e+00   9.1342826e-11
   2.2150000e+00   9.0829622e-11
   2.2300000e+00   9.0317385e-11
   2.2460000e+00   8.9810221e-11
   2.2610000e+00   8.9304055e-11
   2.2770000e+00   8.8782615e-11
   2.2930000e+00   8.8252650e-11
   2.3090000e+00   8.7722515e-11
   2.3250000e+00   8.7200922e-11
   2.3410000e+00   8.6696942e-11
   2.3570000e+00   8.6220021e-11
   2.3730000e+00   8.5779992e-11
   2.3900000e+00   8.5346090e-11
   2.4060000e+00   8.4880678e-11
   2.4230000e+00   8.4412407e-11
   2.4400000e+00   8.3971650e-11
   2.4570000e+00   8.3590051e-11
   2.4740000e+00   8.3300564e-11
   2.4910000e+00   8.3137486e-11
   2.5080000e+00   8.3125972e-11
   2.5260000e+00   8.3216012e-11
   2.5430000e+00   8.3380592e-11
   2.5610000e+00   8.3601310e-11
   2.5790000e+00   8.3858957e-11
   2.5970000e+00   8.4133488e-11
   2.6150000e+00   8.4404005e-11
   2.6330000e+00   8.4655725e-11
   2.6510000e+00   8.4927657e-11
   2.6690000e+00   8.5223319e-11
   2.6880000e+00   8.5534389e-11
   2.7070000e+00   8.5852179e-11
   2.7250000e+00   8.6167634e-11
   2.7440000e+00   8.6471315e-11
   2.7630000e+00   8.6757698e-11
   2.7830000e+00   8.7035492e-11
   2.8020000e+00   8.7308553e-11
   2.8210000e+00   8.7580302e-11
   2.8410000e+00   8.7854305e-11
   2.8610000e+00   8.8134280e-11
   2.8800000e+00   8.8424832e-11
   2.9000000e+00   8.8738933e-11
   2.9210000e+00   8.9069645e-11
   2.9410000e+00   8.9402772e-11
   2.9610000e+00   8.9723514e-11
   2.9820000e+00   9.0016452e-11
   3.0020000e+00   9.0265860e-11
   3.0230000e+00   9.0486484e-11
   3.0440000e+00   9.0693026e-11
   3.0650000e+00   9.0884045e-11
   3.0870000e+00   9.1058048e-11
   3.1080000e+00   9.1213487e-11
   3.1300000e+00   9.1349479e-11
   3.1510000e+00   9.1483022e-11
   3.1730000e+00   9.1614136e-11
   3.1950000e+00   9.1731977e-11
   3.2170000e+00   9.1825247e-11
   3.2400000e+00   9.1882185e-11
   3.2620000e+00   9.1898651e-11
   3.2850000e+00   9.1908130e-11
   3.3080000e+00   9.1915762e-11
   3.3310000e+00   9.1921376e-11
   3.3540000e+00   9.1924794e-11
   3.3770000e+00   9.1924435e-11
   3.4000000e+00   9.1717036e-11
   3.4240000e+00   9.1233446e-11
   3.4480000e+00   9.0586173e-11
   3.4720000e+00   8.9892578e-11
   3.4960000e+00   8.9275018e-11
   3.5200000e+00   8.8751149e-11
   3.5440000e+00   8.8196935e-11
   3.5690000e+00   8.7655405e-11
   3.5940000e+00   8.7176069e-11
   3.6190000e+00   8.6810500e-11
   3.6440000e+00   8.6583290e-11
   3.6690000e+00   8.6429147e-11
   3.6950000e+00   8.6303276e-11
   3.7200000e+00   8.6161287e-11
   3.7460000e+00   8.5956914e-11
   3.7720000e+00   8.5576891e-11
   3.7980000e+00   8.4953518e-11
   3.8250000e+00   8.4206232e-11
   3.8510000e+00   8.3462456e-11
   3.8780000e+00   8.2852891e-11
   3.9050000e+00   8.2280318e-11
   3.9320000e+00   8.1696207e-11
   3.9590000e+00   8.1202461e-11
   3.9870000e+00   8.0905250e-11
   4.0140000e+00   8.0935676e-11
   4.0420000e+00   8.1402595e-11
   4.0700000e+00   8.2128155e-11
   4.0980000e+00   8.2894771e-11
   4.1270000e+00   8.3476617e-11
   4.1550000e+00   8.3941598e-11
   4.1840000e+00   8.4399844e-11
   4.2130000e+00   8.4767570e-11
   4.2430000e+00   8.4957490e-11
   4.2720000e+00   8.4870686e-11
   4.3020000e+00   8.4490748e-11
   4.3310000e+00   8.3914234e-11
   4.3620000e+00   8.3244978e-11
   4.3920000e+00   8.2515379e-11
   4.4220000e+00   8.1497614e-11
   4.4530000e+00   8.0329847e-11
   4.4840000e+00   7.9209677e-11
   4.5150000e+00   7.8300458e-11
   4.5460000e+00   7.7469677e-11
   4.5780000e+00   7.6703179e-11
   4.6100000e+00   7.6029328e-11
   4.6420000e+00   7.5447056e-11
   4.6740000e+00   7.4852508e-11
   4.7060000e+00   7.4344520e-11
   4.7390000e+00   7.4057468e-11
   4.7720000e+00   7.4056019e-11
   4.8050000e+00   7.4157773e-11
   4.8380000e+00   7.4322769e-11
   4.8720000e+00   7.4526609e-11
   4.9060000e+00   7.4935029e-11
   4.9400000e+00   7.5608768e-11
   4.9740000e+00   7.6204434e-11
   5.0080000e+00   7.6383342e-11
   5.0430000e+00   7.6376769e-11
   5.0780000e+00   7.6361570e-11
   5.1130000e+00   7.6338032e-11
   5.1490000e+00   7.6187811e-11
   5.1850000e+00   7.5666073e-11
   5.2210000e+00   7.5033511e-11
   5.2570000e+00   7.4587607e-11
   5.2930000e+00   7.4252844e-11
   5.3300000e+00   7.3967868e-11
   5.3670000e+00   7.3819105e-11
   5.4040000e+00   7.3834269e-11
   5.4420000e+00   7.3901576e-11
   5.4790000e+00   7.3979774e-11
   5.5170000e+00   7.4037123e-11
   5.5560000e+00   7.4093201e-11
   5.5940000e+00   7.4137613e-11
   5.6330000e+00   7.4128735e-11
   5.6720000e+00   7.3527920e-11
   5.7120000e+00   7.2491664e-11
   5.7510000e+00   7.1555497e-11
   5.7910000e+00   7.0728527e-11
   5.8310000e+00   6.9941536e-11
   5.8720000e+00   6.9554756e-11
   5.9130000e+00   6.9670378e-11
   5.9540000e+00   6.9963524e-11
   5.9950000e+00   7.0260014e-11
   6.0360000e+00   7.0502513e-11
   6.0780000e+00   7.0743167e-11
   6.1200000e+00   7.0867461e-11
   6.1630000e+00   7.0813830e-11
   6.2060000e+00   7.0659849e-11
   6.2490000e+00   7.0471602e-11
   6.2920000e+00   7.0187856e-11
   6.3360000e+00   6.9848926e-11
   6.3800000e+00   6.9711014e-11
   6.4240000e+00   7.0004629e-11
   6.4690000e+00   7.0442072e-11
   6.5130000e+00   7.0571876e-11
   6.5590000e+00   7.0460346e-11
   6.6040000e+00   7.0281713e-11
   6.6500000e+00   7.0105270e-11
   6.6960000e+00   6.9900479e-11
   6.7430000e+00   6.9685598e-11
   6.7890000e+00   6.9462636e-11
   6.8370000e+00   6.9235150e-11
   6.8840000e+00   6.9076023e-11
   6.9320000e+00   6.8996480e-11
   6.9800000e+00   6.8918361e-11
   7.0280000e+00   6.8677908e-11
   7.0770000e+00   6.8125423e-11
   7.1260000e+00   6.7813637e-11
   7.1760000e+00   6.7966633e-11
   7.2250000e+00   6.8355546e-11
   7.2750000e+00   6.9162704e-11
   7.3260000e+00   7.1245578e-11
   7.3770000e+00   7.3166477e-11
   7.4280000e+00   7.4385367e-11
   7.4800000e+00   7.5331552e-11
   7.5310000e+00   7.5931788e-11
   7.5840000e+00   7.6389041e-11
   7.6360000e+00   7.6519032e-11
   7.6890000e+00   7.6257338e-11
   7.7430000e+00   7.5789678e-11
   7.7960000e+00   7.5122840e-11
   7.8500000e+00   7.4130466e-11
   7.9050000e+00   7.2946756e-11
   7.9600000e+00   7.1451749e-11
   8.0150000e+00   6.9821409e-11
   8.0710000e+00   6.7775795e-11
   8.1270000e+00   6.6472706e-11
   8.1830000e+00   6.6101973e-11
   8.2400000e+00   6.5924776e-11
   8.2970000e+00   6.6674819e-11
   8.3550000e+00   6.8601484e-11
   8.4120000e+00   7.0419238e-11
   8.4710000e+00   7.2215574e-11
   8.5300000e+00   7.2479903e-11
   8.5890000e+00   7.2137218e-11
   8.6480000e+00   7.1604612e-11
   8.7080000e+00   7.0640447e-11
   8.7690000e+00   7.0096593e-11
   8.8300000e+00   6.9927230e-11
   8.8910000e+00   6.9697363e-11
   8.9530000e+00   6.9697363e-11
   9.0150000e+00   6.9697363e-11
   9.0770000e+00   6.9697363e-11
   9.1400000e+00   6.9697363e-11
   9.2040000e+00   6.9697363e-11
   9.2680000e+00   6.9697363e-11
   9.3320000e+00   6.9697363e-11
   9.3970000e+00   6.9697363e-11
   9.4620000e+00   6.9697363e-11
   9.5280000e+00   6.9697363e-11
   9.5940000e+00   6.9697363e-11
   9.6600000e+00   6.9697363e-11
   9.7270000e+00   6.9697363e-11
   9.7950000e+00   6.9697363e-11
   9.8630000e+00   6.9697363e-11
   9.9310000e+00   6.9697363e-11
   1.0000000e+01   6.9697363e-11
   1.0070000e+01   6.9697363e-11
   1.0140000e+01   6.9697363e-11
   1.0210000e+01   6.9697363e-11
   1.0280000e+01   6.9697363e-11
   1.0350000e+01   6.9697363e-11
   1.0420000e+01   6.9697363e-11
   1.0500000e+01   6.9697363e-11
   1.0570000e+01   6.9697363e-11
   1.0640000e+01   6.9697363e-11
   1.0720000e+01   6.9697363e-11
   1.0790000e+01   6.9697363e-11
   1.0870000e+01   6.9697363e-11
   1.0940000e+01   6.9697363e-11
   1.1020000e+01   6.9697363e-11
   1.1090000e+01   6.9697363e-11
   1.1170000e+01   6.9697363e-11
   1.1250000e+01   6.9697363e-11
   1.1330000e+01   6.9697363e-11
   1.1400000e+01   6.9697363e-11
   1.1480000e+01   6.9697363e-11
   1.1560000e+01   6.9697363e-11
   1.1640000e+01   6.9697363e-11
   1.1720000e+01   6.9697363e-11
   1.1810000e+01   6.9697363e-11
   1.1890000e+01   6.9697363e-11
   1.1970000e+01   6.9697363e-11
   1.2050000e+01   6.9697363e-11
   1.2140000e+01   6.9697363e-11
   1.2220000e+01   6.9697363e-11
   1.2310000e+01   6.9697363e-11
   1.2390000e+01   6.9697363e-11
   1.2480000e+01   6.9697363e-11
   1.2560000e+01   6.9697363e-11
   1.2650000e+01   6.9697363e-11
   1.2740000e+01   6.9697363e-11
   1.2830000e+01   6.9697363e-11
   1.2920000e+01   6.9697363e-11
   1.3010000e+01   6.9697363e-11
   1.3100000e+01   6.9697363e-11
   1.3190000e+01   6.9697363e-11
   1.3280000e+01   6.9697363e-11
   1.3370000e+01   6.9697363e-11
   1.3460000e+01   6.9697363e-11
   1.3560000e+01   6.9697363e-11
   1.3650000e+01   6.9697363e-11
   1.3740000e+01   6.9697363e-11
   1.3840000e+01   6.9697363e-11
   1.3940000e+01   6.9697363e-11
   1.4030000e+01   6.9697363e-11
   1.4130000e+01   6.9697363e-11
   1.4230000e+01   6.9697363e-11
   1.4330000e+01   6.9697363e-11
   1.4430000e+01   6.9697363e-11
   1.4530000e+01   6.9697363e-11
   1.4630000e+01   6.9697363e-11
   1.4730000e+01   6.9697363e-11
   1.4830000e+01   6.9697363e-11
   1.4930000e+01   6.9697363e-11
   1.5040000e+01   6.9697363e-11
   1.5140000e+01   6.9697363e-11
   1.5250000e+01   6.9697363e-11
   1.5350000e+01   6.9697363e-11
   1.5460000e+01   6.9697363e-11
   1.5570000e+01   6.9697363e-11
   1.5670000e+01   6.9697363e-11
   1.5780000e+01   6.9697363e-11
   1.5890000e+01   6.9697363e-11
   1.6000000e+01   6.9697363e-11
   1.6110000e+01   6.9697363e-11
   1.6230000e+01   6.9697363e-11
   1.6340000e+01   6.9697363e-11
   1.6450000e+01   6.9697363e-11
   1.6570000e+01   6.9697363e-11
   1.6680000e+01   6.9697363e-11
   1.6800000e+01   6.9697363e-11
   1.6910000e+01   6.9697363e-11
   1.7030000e+01   6.9697363e-11
   1.7150000e+01   6.9697363e-11
   1.7270000e+01   6.9697363e-11
   1.7390000e+01   6.9697363e-11
   1.7510000e+01   6.9697363e-11
   1.7630000e+01   6.9697363e-11
   1.7750000e+01   6.9697363e-11
   1.7880000e+01   6.9697363e-11
   1.8000000e+01   6.9697363e-11
   1.8120000e+01   6.9697363e-11
   1.8250000e+01   6.9697363e-11
   1.8380000e+01   6.9697363e-11
   1.8500000e+01   6.9697363e-11
   1.8630000e+01   6.9697363e-11
   1.8760000e+01   6.9697363e-11
   1.8890000e+01   6.9697363e-11
   1.9020000e+01   6.9697363e-11
   1.9160000e+01   6.9697363e-11
   1.9290000e+01   6.9697363e-11
   1.9420000e+01   6.9697363e-11
   1.9560000e+01   6.9697363e-11
   1.9690000e+01   6.9697363e-11
   1.9830000e+01   6.9697363e-11
   1.9970000e+01   6.9697363e-11
   2.0100000e+01   6.9697363e-11
   2.0240000e+01   6.9697363e-11
   2.0380000e+01   6.9697363e-11
   2.0530000e+01   6.9697363e-11
   2.0670000e+01   6.9697363e-11
   2.0810000e+01   6.9697363e-11
   2.0960000e+01   6.9697363e-11
   2.1100000e+01   6.9697363e-11
   2.1250000e+01   6.9697363e-11
   2.1400000e+01   6.9697363e-11
   2.1540000e+01   6.9697363e-11
   2.1690000e+01   6.9697363e-11
   2.1840000e+01   6.9697363e-11
   2.2000000e+01   6.9697363e-11
   2.2150000e+01   6.9697363e-11
   2.2300000e+01   6.9697363e-11
   2.2460000e+01   6.9697363e-11
   2.2610000e+01   6.9697363e-11
   2.2770000e+01   6.9697363e-11
   2.2930000e+01   6.9697363e-11
   2.3090000e+01   6.9697363e-11
   2.3250000e+01   6.9697363e-11
   2.3410000e+01   6.9697363e-11
   2.3570000e+01   6.9697363e-11
   2.3730000e+01   6.9697363e-11
   2.3900000e+01   6.9697363e-11
   2.4060000e+01   6.9697363e-11
   2.4230000e+01   6.9697363e-11
   2.4400000e+01   6.9697363e-11
   2.4570000e+01   6.9697363e-11
   2.4740000e+01   6.9697363e-11
   2.4910000e+01   6.9697363e-11
   2.5080000e+01   6.9697363e-11
   2.5260000e+01   6.9697363e-11
   2.5430000e+01   6.9697363e-11
   2.5610000e+01   6.9697363e-11
   2.5790000e+01   6.9697363e-11
   2.5970000e+01   6.9697363e-11
   2.6150000e+01   6.9697363e-11
   2.6330000e+01   6.9697363e-11
   2.6510000e+01   6.9697363e-11
   2.6690000e+01   6.9697363e-11
   2.6880000e+01   6.9697363e-11
   2.7070000e+01   6.9697363e-11
   2.7250000e+01   6.9697363e-11
   2.7440000e+01   6.9697363e-11
   2.7630000e+01   6.9697363e-11
   2.7830000e+01   6.9697363e-11
   2.8020000e+01   6.9697363e-11
   2.8210000e+01   6.9697363e-11
   2.8410000e+01   6.9697363e-11
   2.8610000e+01   6.9697363e-11
   2.8800000e+01   6.9697363e-11
   2.9000000e+01   6.9697363e-11
   2.9210000e+01   6.9697363e-11
   2.9410000e+01   6.9697363e-11
   2.9610000e+01   6.9697363e-11
   2.9820000e+01   6.9697363e-11
   3.0020000e+01   6.9697363e-11
   3.0230000e+01   6.9697363e-11
   3.0440000e+01   6.9697363e-11
   3.0650000e+01   6.9697363e-11
   3.0870000e+01   6.9697363e-11
   3.1080000e+01   6.9697363e-11
   3.1300000e+01   6.9697363e-11
   3.1510000e+01   6.9697363e-11
   3.1730000e+01   6.9697363e-11
   3.1950000e+01   6.9697363e-11
   3.2170000e+01   6.9697363e-11
   3.2400000e+01   6.9697363e-11
   3.2620000e+01   6.9697363e-11
   3.2850000e+01   6.9697363e-11
   3.3080000e+01   6.9697363e-11
   3.3310000e+01   6.9697363e-11
   3.3540000e+01   6.9697363e-11
   3.3770000e+01   6.9697363e-11
   3.4000000e+01   6.9697363e-11
   3.4240000e+01   6.9697363e-11
   3.4480000e+01   6.9697363e-11
   3.4720000e+01   6.9697363e-11
   3.4960000e+01   6.9697363e-11
   3.5200000e+01   6.9697363e-11
   3.5440000e+01   6.9697363e-11
   3.5690000e+01   6.9697363e-11
   3.5940000e+01   6.9697363e-11
   3.6190000e+01   6.9697363e-11
   3.6440000e+01   6.9697363e-11
   3.6690000e+01   6.9697363e-11
   3.6950000e+01   6.9697363e-11
   3.7200000e+01   6.9697363e-11
   3.7460000e+01   6.9697363e-11
   3.7720000e+01   6.9697363e-11
   3.7980000e+01   6.9697363e-11
   3.8250000e+01   6.9697363e-11
   3.8510000e+01   6.9697363e-11
   3.8780000e+01   6.9697363e-11
   3.9050000e+01   6.9697363e-11
   3.9320000e+01   6.9697363e-11
   3.9590000e+01   6.9697363e-11
   3.9870000e+01   6.9697363e-11
   4.0140000e+01   6.9697363e-11
   4.0420000e+01   6.9697363e-11
   4.0700000e+01   6.9697363e-11
   4.0980000e+01   6.9697363e-11
   4.1270000e+01   6.9697363e-11
   4.1550000e+01   6.9697363e-11
   4.1840000e+01   6.9697363e-11
   4.2130000e+01   6.9697363e-11
   4.2430000e+01   6.9697363e-11
   4.2720000e+01   6.9697363e-11
   4.3020000e+01   6.9697363e-11
   4.3310000e+01   6.9697363e-11
   4.3620000e+01   6.9697363e-11
   4.3920000e+01   6.9697363e-11
   4.4220000e+01   6.9697363e-11
   4.4530000e+01   6.9697363e-11
   4.4840000e+01   6.9697363e-11
   4.5150000e+01   6.9697363e-11
   4.5460000e+01   6.9697363e-11
   4.5780000e+01   6.9697363e-11
   4.6100000e+01   6.9697363e-11
   4.6420000e+01   6.9697363e-11
   4.6740000e+01   6.9697363e-11
   4.7060000e+01   6.9697363e-11
   4.7390000e+01   6.9697363e-11
   4.7720000e+01   6.9697363e-11
   4.8050000e+01   6.9697363e-11
   4.8380000e+01   6.9697363e-11
   4.8720000e+01   6.9697363e-11
   4.9060000e+01   6.9697363e-11
   4.9400000e+01   6.9697363e-11
   4.9740000e+01   6.9697363e-11
   5.0080000e+01   6.9697363e-11
   5.0430000e+01   6.9697363e-11
   5.0780000e+01   6.9697363e-11
   5.1130000e+01   6.9697363e-11
   5.1490000e+01   6.9697363e-11
   5.1850000e+01   6.9697363e-11
   5.2210000e+01   6.9697363e-11
   5.2570000e+01   6.9697363e-11
   5.2930000e+01   6.9697363e-11
   5.3300000e+01   6.9697363e-11
   5.3670000e+01   6.9697363e-11
   5.4040000e+01   6.9697363e-11
   5.4420000e+01   6.9697363e-11
   5.4790000e+01   6.9697363e-11
   5.5170000e+01   6.9697363e-11
   5.5560000e+01   6.9697363e-11
   5.5940000e+01   6.9697363e-11
   5.6330000e+01   6.9697363e-11
   5.6720000e+01   6.9697363e-11
   5.7120000e+01   6.9697363e-11
   5.7510000e+01   6.9697363e-11
   5.7910000e+01   6.9697363e-11
   5.8310000e+01   6.9697363e-11
   5.8720000e+01   6.9697363e-11
   5.9130000e+01   6.9697363e-11
   5.9540000e+01   6.9697363e-11
   5.9950000e+01   6.9697363e-11
   6.0360000e+01   6.9697363e-11
   6.0780000e+01   6.9697363e-11
   6.1200000e+01   6.9697363e-11
   6.1630000e+01   6.9697363e-11
   6.2060000e+01   6.9697363e-11
   6.2490000e+01   6.9697363e-11
   6.2920000e+01   6.9697363e-11
   6.3360000e+01   6.9697363e-11
   6.3800000e+01   6.9697363e-11
   6.4240000e+01   6.9697363e-11
   6.4690000e+01   6.9697363e-11
   6.5130000e+01   6.9697363e-11
   6.5590000e+01   6.9697363e-11
   6.6040000e+01   6.9697363e-11
   6.6500000e+01   6.9697363e-11
   6.6960000e+01   6.9697363e-11
   6.7430000e+01   6.9697363e-11
   6.7890000e+01   6.9697363e-11
   6.8370000e+01   6.9697363e-11
   6.8840000e+01   6.9697363e-11
   6.9320000e+01   6.9697363e-11
   6.9800000e+01   6.9697363e-11
   7.0280000e+01   6.9697363e-11
   7.0770000e+01   6.9697363e-11
   7.1260000e+01   6.9697363e-11
   7.1760000e+01   6.9697363e-11
   7.2250000e+01   6.9697363e-11
   7.2750000e+01   6.9697363e-11
   7.3260000e+01   6.9697363e-11
   7.3770000e+01   6.9697363e-11
   7.4280000e+01   6.9697363e-11
   7.4800000e+01   6.9697363e-11
   7.5310000e+01   6.9697363e-11
   7.5840000e+01   6.9697363e-11
   7.6360000e+01   6.9697363e-11
   7.6890000e+01   6.9697363e-11
   7.7430000e+01   6.9697363e-11
   7.7960000e+01   6.9697363e-11
   7.8500000e+01   6.9697363e-11
   7.9050000e+01   6.9697363e-11
   7.9600000e+01   6.9697363e-11
   8.0150000e+01   6.9697363e-11
   8.0710000e+01   6.9697363e-11
   8.1270000e+01   6.9697363e-11
   8.1830000e+01   6.9697363e-11
   8.2400000e+01   6.9697363e-11
   8.2970000e+01   6.9697363e-11
   8.3550000e+01   6.9697363e-11
   8.4120000e+01   6.9697363e-11
   8.4710000e+01   6.9697363e-11
   8.5300000e+01   6.9697363e-11
   8.5890000e+01   6.9697363e-11
   8.6480000e+01   6.9697363e-11
   8.7080000e+01   6.9697363e-11
   8.7690000e+01   6.9697363e-11
   8.8300000e+01   6.9697363e-11
   8.8910000e+01   6.9697363e-11
   8.9530000e+01   6.9697363e-11
   9.0150000e+01   6.9697363e-11
   9.0770000e+01   6.9697363e-11
   9.1400000e+01   6.9697363e-11
   9.2040000e+01   6.9697363e-11
   9.2680000e+01   6.9697363e-11
   9.3320000e+01   6.9697363e-11
   9.3970000e+01   6.9697363e-11
   9.4620000e+01   6.9697363e-11
   9.5280000e+01   6.9697363e-11
   9.5940000e+01   6.9697363e-11
   9.6600000e+01   6.9697363e-11
   9.7270000e+01   6.9697363e-11
   9.7950000e+01   6.9697363e-11
   9.8630000e+01   6.9697363e-11
   9.9310000e+01   6.9697363e-11
   1.0000000e+02   6.9697363e-11
